Frame Time   W/N   GATT packet sent/rx (header removed)

960  20.94  write  ef dd 0b 30 31 32 33 34 35 36 37 38 39 30 31 32 33 34 9a 6d
962  21.05   notif ef dd 08 09 64 00 02 01 00 00 01 01 0b 67
963  21.10   notif ef dd 0c 08 05 00 00 00 00 01 00 09 05
965  21.20   notif ef dd 0c 08 05 00 00 00 00 01 00 09 05
966  21.30   notif ef dd 0c 08 05 00 00 00 00 01 00 09 05
967  21.44   notif ef dd 0c 08 05 00 00 00 00 01 00 09 05
968  21.54   notif ef dd 0c 08 05 00 00 00 00 01 00 09 05
969  21.64   notif ef dd 0c 08 05 00 00 00 00 01 00 09 05
970  21.74   notif ef dd 0c 08 05 00 00 00 00 01 00 09 05
971  21.79   notif ef dd 0c 08 05 00 00 00 00 01 00 09 05
972  21.85  write  df 78 08 04 01 00 03 84 d8 84 e8
973  21.88   notif ef dd 0c 08 05 00 00 00 00 01 00 09 05
974  21.94  write  ef dd 0b 30 31 32 33 34 35 36 37 38 39 30 31 32 33 34 9a 6d
976  21.98   notif ef dd 0c 08 05 00 00 00 00 01 00 09 05
977  22.03   notif ef dd 08 09 64 00 02 01 00 00 01 01 0b 67
978  22.07  write  ef dd 0c 09 00 01 01 02 02 05 03 04 15 06 00 00 00 00 00 00
979  22.08   notif ef dd 0c 08 05 00 00 00 00 01 00 09 05
980  22.18   notif ef dd 0c 08 05 00 00 00 00 01 00 09 05
981  22.27   notif ef dd 0c 08 05 00 00 00 00 01 00 09 05
983  22.37   notif ef dd 0c 08 05 00 00 00 00 01 00 09 05
984  22.52   notif ef dd 0c 08 05 00 00 00 00 01 00 09 05
985  22.61   notif ef dd 0c 08 05 00 00 00 00 01 00 09 05
986  22.68  write  ef dd 06 00 00 00 00 00 00 00 00 00 00 00 00 00 00 00 00 00
987  22.71   notif ef dd 0c 08 05 00 00 00 00 01 00 09 05
988  22.76   notif ef dd 08 09 64 00 02 01 00 00 01 01 0b 67
989  22.81   notif ef dd 0c 08 05 00 00 00 00 01 00 09 05
990  22.91   notif ef dd 0c 08 05 00 00 00 00 01 00 09 05
992  22.95  write  ef dd 0b 30 31 32 33 34 35 36 37 38 39 30 31 32 33 34 9a 6d
993  23.00   notif ef dd 0c 08 05 00 00 00 00 01 00 09 05
994  23.00   notif ef dd 08 09 64 00 02 01 00 00 01 01 0b 67
995  23.08  write  ef dd 00 02 00 02 00
997  23.10   notif ef dd 0c 08 05 00 00 00 00 01 00 09 05
998  23.20   notif ef dd 0c 0b 0b 00 e0 05 00 00 00 00 01 00 10 ec
999  23.30   notif ef dd 0c 08 05 00 00 00 00 01 00 09 05
1000 23.399  notif ef dd 0c 08 05 00 00 00 00 01 00 09 05
1001 23.496  notif ef dd 0c 08 05 00 00 00 00 01 00 09 05
1002 23.643  notif ef dd 0c 08 05 00 00 00 00 01 00 09 05
1003 23.740  notif ef dd 0c 08 05 00 00 00 00 01 00 09 05
1004 23.837  notif ef dd 0c 08 05 00 00 00 00 01 00 09 05
1005 23.935  notif ef dd 0c 08 05 00 00 00 00 01 00 09 05
1006 23.958 write  ef dd 0b 30 31 32 33 34 35 36 37 38 39 30 31 32 33 34 9a 6d
1007 24.032  notif ef dd 0c 08 05 00 00 00 00 01 00 09 05
1008 24.081  notif ef dd 08 09 64 00 02 01 00 00 01 01 0b 67
1009 24.130  notif ef dd 0c 08 05 00 00 00 00 01 00 09 05
1011 24.227  notif ef dd 0c 08 05 00 00 00 00 01 00 09 05
1012 24.277  notif ef dd 0c 08 05 00 00 00 00 01 00 09 05
1013 24.373  notif ef dd 0c 08 05 00 00 00 00 01 00 09 05
1014 24.471  notif ef dd 0c 08 05 00 00 00 00 01 00 09 05
1015 24.568  notif ef dd 0c 08 05 00 00 00 00 01 00 09 05
1016 24.715  notif ef dd 0c 08 05 00 00 00 00 01 00 09 05
1017 24.812  notif ef dd 0c 08 05 00 00 00 00 01 00 09 05
1018 24.912  notif ef dd 0c 08 05 00 00 00 00 01 00 09 05
1019 24.970 write  ef dd 0b 30 31 32 33 34 35 36 37 38 39 30 31 32 33 34 9a 6d
1020 25.007  notif ef dd 0c 08 05 00 00 00 00 01 00 09 05
1021 25.056  notif ef dd 08 09 64 00 02 01 00 00 01 01 0b 67
1022 25.105  notif ef dd 0c 08 05 00 00 00 00 01 00 09 05
1023 25.202  notif ef dd 0c 08 05 00 00 00 00 01 00 09 05
1025 25.300  notif ef dd 0c 08 05 00 00 00 00 01 00 09 05
1026 25.348  notif ef dd 0c 08 05 00 00 00 00 01 00 09 05
1027 25.496  notif ef dd 0c 08 05 00 00 00 00 01 00 09 05
1028 25.592  notif ef dd 0c 08 05 00 00 00 00 01 00 09 05
1029 25.690  notif ef dd 0c 08 05 00 00 00 00 01 00 09 05
1030 25.787  notif ef dd 0c 08 05 00 00 00 00 01 00 09 05
1031 25.885  notif ef dd 0c 08 05 00 00 00 00 01 00 09 05
1032 25.979 write  ef dd 0b 30 31 32 33 34 35 36 37 38 39 30 31 32 33 34 9a 6d
1033 25.982  notif ef dd 0c 08 05 00 00 00 00 01 00 09 05
1034 26.031  notif ef dd 08 09 64 00 02 01 00 00 01 01 0b 67
1035 26.070 write  ef dd 00 02 00 02 00
1037 26.080  notif ef dd 0c 08 05 00 00 00 00 01 00 09 05
1038 26.177  notif ef dd 0c 0b 0b 00 e0 05 00 00 00 00 01 00 10 ec
1039 26.275  notif ef dd 0c 08 05 00 00 00 00 01 00 09 05
1040 26.372  notif ef dd 0c 08 05 00 00 00 00 01 00 09 05
1041 26.470  notif ef dd 0c 08 05 00 00 00 00 01 00 09 05
1045 26.567  notif ef dd 0c 08 05 00 00 00 00 01 00 09 05
1055 26.665  notif ef dd 0c 08 05 00 00 00 00 01 00 09 05
1062 26.811  notif ef dd 0c 08 05 00 00 00 00 01 00 09 05
1064 26.908  notif ef dd 0c 08 05 00 00 00 00 01 00 09 05
1067 26.991 write  ef dd 0b 30 31 32 33 34 35 36 37 38 39 30 31 32 33 34 9a 6d
1068 27.006  notif ef dd 0c 08 05 00 00 00 00 01 00 09 05
1069 27.055  notif ef dd 08 09 64 00 02 01 00 00 01 01 0b 67
1071 27.103  notif ef dd 0c 08 05 00 00 00 00 01 00 09 05
1072 27.201  notif ef dd 0c 08 05 00 00 00 00 01 00 09 05
1074 27.298  notif ef dd 0c 08 05 00 00 00 00 01 00 09 05
1075 27.396  notif ef dd 0c 08 05 00 00 00 00 01 00 09 05
1076 27.493  notif ef dd 0c 08 05 00 00 00 00 01 00 09 05
1077 27.591  notif ef dd 0c 08 05 00 00 00 00 01 00 09 05
1078 27.689  notif ef dd 0c 08 05 00 00 00 00 01 00 09 05
1079 27.835  notif ef dd 0c 08 05 00 00 00 00 01 00 09 05
1080 27.883  notif ef dd 0c 08 05 00 00 00 00 01 00 09 05
1081 27.981  notif ef dd 0c 08 05 00 00 00 00 01 00 09 05
1082 27.992 write  ef dd 0b 30 31 32 33 34 35 36 37 38 39 30 31 32 33 34 9a 6d
1083 28.078  notif ef dd 0c 08 05 00 00 00 00 01 00 09 05
1084 28.079  notif ef dd 08 09 64 00 02 01 00 00 01 01 0b 67
1085 28.176  notif ef dd 0c 08 05 00 00 00 00 01 00 09 05
1087 28.274  notif ef dd 0c 08 05 00 00 00 00 01 00 09 05
1088 28.371  notif ef dd 0c 08 05 00 00 00 00 01 00 09 05
1089 28.471  notif ef dd 0c 08 05 00 00 00 00 01 00 09 05
1090 28.566  notif ef dd 0c 08 05 00 00 00 00 01 00 09 05
1091 28.664  notif ef dd 0c 08 05 00 00 00 00 01 00 09 05
1092 28.761  notif ef dd 0c 08 05 00 00 00 00 01 00 09 05
1093 28.858  notif ef dd 0c 08 05 00 00 00 00 01 00 09 05
1094 28.994 write  ef dd 0b 30 31 32 33 34 35 36 37 38 39 30 31 32 33 34 9a 6d
1095 29.005  notif ef dd 0c 08 05 00 00 00 00 01 00 09 05
1096 29.070 write  ef dd 00 02 00 02 00
1097 29.102  notif ef dd 0c 08 05 00 00 00 00 01 00 09 05 ef dd 08 09 64 00 02
1099 29.103  notif 01 00 00 01 01 0b 67
1100 29.200  notif ef dd 0c 0b 0b 00 e0 05 00 00 00 00 01 00 10 ec
1101 29.297  notif ef dd 0c 08 05 00 00 00 00 01 00 09 05
1102 29.395  notif ef dd 0c 08 05 00 00 00 00 01 00 09 05
1103 29.444  notif ef dd 0c 08 05 00 00 00 00 01 00 09 05
1104 29.590  notif ef dd 0c 08 05 00 00 00 00 01 00 09 05
1105 29.638  notif ef dd 0c 08 05 00 00 00 00 01 00 09 05
1106 29.785  notif ef dd 0c 08 05 00 00 00 00 01 00 09 05
1107 29.882  notif ef dd 0c 08 05 00 00 00 00 01 00 09 05
1108 29.980  notif ef dd 0c 08 05 00 00 00 00 01 00 09 05
1109 29.996 write  ef dd 0b 30 31 32 33 34 35 36 37 38 39 30 31 32 33 34 9a 6d
1110 30.077  notif ef dd 0c 08 05 00 00 00 00 01 00 09 05 ef dd 08 09 64 00 02
1111 30.126  notif 01 00 00 01 01 0b 67 ef dd 0c 08 05 00 00 00 00 01 00 09 05
1113 30.223  notif ef dd 0c 08 05 00 00 00 00 01 00 09 05
1114 30.321  notif ef dd 0c 08 05 00 00 00 00 01 00 09 05
1115 30.419  notif ef dd 0c 08 05 00 00 00 00 01 00 09 05
1116 30.565  notif ef dd 0c 08 05 00 00 00 00 01 00 09 05
1117 30.662  notif ef dd 0c 08 05 00 00 00 00 01 00 09 05
1118 30.809  notif ef dd 0c 08 05 00 00 00 00 01 00 09 05
1119 30.858  notif ef dd 0c 08 05 00 00 00 00 01 00 09 05
1120 30.955  notif ef dd 0c 08 05 00 00 00 00 01 00 09 05
1121 30.998 write  ef dd 0b 30 31 32 33 34 35 36 37 38 39 30 31 32 33 34 9a 6d
1122 31.052  notif ef dd 0c 08 05 00 00 00 00 01 00 09 05 ef dd 08 09 64 00 02
1123 31.101  notif 01 00 00 01 01 0b 67
1124 31.150  notif ef dd 0c 08 05 00 00 00 00 01 00 09 05
1126 31.247  notif ef dd 0c 08 05 00 00 00 00 01 00 09 05
1127 31.345  notif ef dd 0c 08 05 00 00 00 00 01 00 09 05
1128 31.442  notif ef dd 0c 08 05 00 00 00 00 01 00 09 05
1129 31.540  notif ef dd 0c 08 05 00 00 00 00 01 00 09 05
1130 31.686  notif ef dd 0c 08 05 00 00 00 00 01 00 09 05
1131 31.784  notif ef dd 0c 08 05 00 00 00 00 01 00 09 05
1132 31.881  notif ef dd 0c 08 05 00 00 00 00 01 00 09 05
1133 31.979  notif ef dd 0c 08 05 00 00 00 00 01 00 09 05
1134 31.999 write  ef dd 0b 30 31 32 33 34 35 36 37 38 39 30 31 32 33 34 9a 6d
1135 32.069 write  ef dd 00 02 00 02 00
1136 32.076  notif ef dd 0c 08 05 00 00 00 00 01 00 09 05
1138 32.077  notif ef dd 08 09 64 00 02 01 00 00 01 01 0b 67
1143 32.173  notif ef dd 0c 0b 0b 00 e0 05 00 00 00 00 01 00 10 ec
1147 32.271  notif ef dd 0c 08 05 00 00 00 00 01 00 09 05
1151 32.371  notif ef dd 0c 08 05 00 00 00 00 01 00 09 05
1158 32.466  notif ef dd 0c 08 05 00 00 00 00 01 00 09 05
1159 32.564  notif ef dd 0c 08 05 00 00 00 00 01 00 09 05
1160 32.661  notif ef dd 0c 08 05 00 00 00 00 01 00 09 05
1161 32.759  notif ef dd 0c 08 05 00 00 00 00 01 00 09 05
1162 32.856  notif ef dd 0c 08 05 00 00 00 00 01 00 09 05
1163 33.001 write  ef dd 0b 30 31 32 33 34 35 36 37 38 39 30 31 32 33 34 9a 6d
1164 33.002  notif ef dd 0c 08 05 00 00 00 00 01 00 09 05
1165 33.099  notif ef dd 0c 08 05 00 00 00 00 01 00 09 05
1166 33.100  notif ef dd 08 09 64 00 02 01 00 00 01 01 0b 67
1167 33.149  notif ef dd 0c 08 05 00 00 00 00 01 00 09 05
1169 33.246  notif ef dd 0c 08 05 00 00 00 00 01 00 09 05
1170 33.344  notif ef dd 0c 08 05 00 00 00 00 01 00 09 05
1171 33.441  notif ef dd 0c 08 05 00 00 00 00 01 00 09 05
1172 33.539  notif ef dd 0c 08 05 00 00 00 00 01 00 09 05
1173 33.636  notif ef dd 0c 08 05 00 00 00 00 01 00 09 05
1174 33.783  notif ef dd 0c 08 05 00 00 00 00 01 00 09 05
1175 33.831  notif ef dd 0c 08 05 00 00 00 00 01 00 09 05
1176 33.929  notif ef dd 0c 08 05 00 00 00 00 01 00 09 05
1177 34.003 write  ef dd 0b 30 31 32 33 34 35 36 37 38 39 30 31 32 33 34 9a 6d
1178 34.026  notif ef dd 0c 08 05 00 00 00 00 01 00 09 05
1179 34.075  notif ef dd 08 09 64 00 02 01 00 00 01 01 0b 67
1180 34.124  notif ef dd 0c 08 05 00 00 00 00 01 00 09 05
1181 34.221  notif ef dd 0c 08 05 00 00 00 00 01 00 09 05
1183 34.319  notif ef dd 0c 08 05 00 00 00 00 01 00 09 05
1184 34.416  notif ef dd 0c 08 05 00 00 00 00 01 00 09 05
1185 34.514  notif ef dd 0c 08 05 00 00 00 00 01 00 09 05
1186 34.660  notif ef dd 0c 08 05 00 00 00 00 01 00 09 05
1187 34.758  notif ef dd 0c 08 05 00 00 00 00 01 00 09 05
1188 34.855  notif ef dd 0c 08 05 00 00 00 00 01 00 09 05
1189 34.953  notif ef dd 0c 08 05 00 00 00 00 01 00 09 05
1190 35.004 write  ef dd 0b 30 31 32 33 34 35 36 37 38 39 30 31 32 33 34 9a 6d
1191 35.050  notif ef dd 0c 08 05 00 00 00 00 01 00 09 05
1192 35.069 write  ef dd 00 02 00 02 00
1194 35.099  notif ef dd 08 09 64 00 02 01 00 00 01 01 0b 67
1195 35.148  notif ef dd 0c 08 05 00 00 00 00 01 00 09 05
1196 35.245  notif ef dd 0c 0b 0b 00 e0 05 00 00 00 00 01 00 10 ec
1197 35.343  notif ef dd 0c 08 05 00 00 00 00 01 00 09 05
1198 35.440  notif ef dd 0c 08 05 00 00 00 00 01 00 09 05
1199 35.538  notif ef dd 0c 08 05 00 00 00 00 01 00 09 05
1200 35.635  notif ef dd 0c 08 05 00 00 00 00 01 00 09 05
1201 35.733  notif ef dd 0c 08 05 00 00 00 00 01 00 09 05
1202 35.879  notif ef dd 0c 08 05 00 00 00 00 01 00 09 05
1203 35.928  notif ef dd 0c 08 05 00 00 00 00 01 00 09 05
1204 36.006 write  ef dd 0b 30 31 32 33 34 35 36 37 38 39 30 31 32 33 34 9a 6d
1205 36.026  notif ef dd 0c 08 05 00 00 00 00 01 00 09 05
1206 36.122  notif ef dd 08 09 64 00 02 01 00 00 01 01 0b 67 ef dd 0c 08 05 00
1207 36.123  notif 00 00 00 01 00 09 05
1208 36.220  notif ef dd 0c 08 05 00 00 00 00 01 00 09 05
1210 36.318  notif ef dd 0c 08 05 00 00 00 00 01 00 09 05
1211 36.415  notif ef dd 0c 08 05 00 00 00 00 01 00 09 05
1212 36.513  notif ef dd 0c 08 05 00 00 00 00 01 00 09 05
1213 36.610  notif ef dd 0c 08 05 00 00 00 00 01 00 09 05
1214 36.708  notif ef dd 0c 08 05 00 00 00 00 01 00 09 05
1215 36.804  notif ef dd 0c 08 05 00 00 00 00 01 00 09 05
1216 36.951  notif ef dd 0c 08 05 00 00 00 00 01 00 09 05
1217 37.008 write  ef dd 0b 30 31 32 33 34 35 36 37 38 39 30 31 32 33 34 9a 6d
1218 37.049  notif ef dd 0c 08 05 00 00 00 00 01 00 09 05
1219 37.098  notif ef dd 08 09 64 00 02 01 00 00 01 01 0b 67
1220 37.146  notif ef dd 0c 08 05 00 00 00 00 01 00 09 05
1221 37.244  notif ef dd 0c 08 05 00 00 00 00 01 00 09 05
1223 37.341  notif ef dd 0c 08 05 00 00 00 00 01 00 09 05
1224 37.439  notif ef dd 0c 08 05 00 00 00 00 01 00 09 05
1225 37.536  notif ef dd 0c 08 05 00 00 00 00 01 00 09 05
1226 37.585  notif ef dd 0c 08 05 00 00 00 00 01 00 09 05
1227 37.683  notif ef dd 0c 08 05 00 00 00 00 01 00 09 05
1228 37.780  notif ef dd 0c 08 05 00 00 00 00 01 00 09 05
1229 37.878  notif ef dd 0c 08 05 00 00 00 00 01 00 09 05
1230 37.974  notif ef dd 0c 08 05 00 00 00 00 01 00 09 05
1231 38.010 write  ef dd 0b 30 31 32 33 34 35 36 37 38 39 30 31 32 33 34 9a 6d
1232 38.070 write  ef dd 00 02 00 02 00
1233 38.121  notif ef dd 08 09 64 00 02 01 00 00 01 01 0b 67 ef dd 0c 08 05 00
1235 38.170  notif 00 00 00 01 00 09 05
1236 38.219  notif ef dd 0c 0b 0b 00 e0 05 00 00 00 00 01 00 10 ec
1237 38.316  notif ef dd 0c 08 05 00 00 00 00 01 00 09 05
1238 38.414  notif ef dd 0c 08 05 00 00 00 00 01 00 09 05
1239 38.511  notif ef dd 0c 08 05 00 00 00 00 01 00 09 05
1240 38.609  notif ef dd 0c 08 05 00 00 00 00 01 00 09 05
1241 38.706  notif ef dd 0c 08 05 00 00 00 00 01 00 09 05
1242 38.804  notif ef dd 0c 08 05 00 00 00 00 01 00 09 05
1243 38.901  notif ef dd 0c 08 05 00 00 00 00 01 00 09 05
1244 38.999  notif ef dd 0c 08 05 00 00 00 00 01 00 09 05
1245 39.014 write  ef dd 0b 30 31 32 33 34 35 36 37 38 39 30 31 32 33 34 9a 6d
1246 39.144  notif ef dd 0c 08 05 00 00 00 00 01 00 09 05 ef dd 08 09 64 00 02
1247 39.146  notif 01 00 00 01 01 0b 67
1248 39.194  notif ef dd 0c 08 05 00 00 00 00 01 00 09 05
1250 39.340  notif ef dd 0c 08 05 00 00 00 00 01 00 09 05
1251 39.438  notif ef dd 0c 08 05 00 00 00 00 01 00 09 05
1252 39.535  notif ef dd 0c 08 05 00 00 00 00 01 00 09 05
1253 39.633  notif ef dd 0c 08 05 00 00 00 00 01 00 09 05
1254 39.730  notif ef dd 0c 08 05 00 00 00 00 01 00 09 05
1255 39.828  notif ef dd 0c 08 05 00 00 00 00 01 00 09 05
1256 39.925  notif ef dd 0c 08 05 00 00 00 00 01 00 09 05
1257 40.015 write  ef dd 0b 30 31 32 33 34 35 36 37 38 39 30 31 32 33 34 9a 6d
1258 40.023  notif ef dd 0c 08 05 00 00 00 00 01 00 09 05
1259 40.071  notif ef dd 08 09 64 00 02 01 00 00 01 01 0b 67
1261 40.169  notif ef dd 0c 08 05 00 00 00 00 01 00 09 05
1262 40.266  notif ef dd 0c 08 05 00 00 00 00 01 00 09 05
1263 40.315  notif ef dd 0c 08 05 00 00 00 00 01 00 09 05
1264 40.413  notif ef dd 0c 08 05 00 00 00 00 01 00 09 05
1265 40.510  notif ef dd 0c 08 05 00 00 00 00 01 00 09 05
1266 40.608  notif ef dd 0c 08 05 00 00 00 00 01 00 09 05
1267 40.705  notif ef dd 0c 08 05 00 00 00 00 01 00 09 05
1268 40.803  notif ef dd 0c 08 05 00 00 00 00 01 00 09 05
1269 40.900  notif ef dd 0c 08 05 00 00 00 00 01 00 09 05
1270 40.998  notif ef dd 0c 08 05 00 00 00 00 01 00 09 05
1271 41.070 write  ef dd 00 02 00 02 00
1272 41.095  notif ef dd 0c 08 05 00 00 00 00 01 00 09 05
1273 41.241  notif ef dd 0c 0b 0b 00 e0 05 00 00 00 00 01 00 10 ec
1274 41.290  notif ef dd 0c 08 05 00 00 00 00 01 00 09 05
1276 41.388  notif ef dd 0c 08 05 00 00 00 00 01 00 09 05
1277 41.534  notif ef dd 0c 08 05 00 00 00 00 01 00 09 05
1278 41.583  notif ef dd 0c 08 05 00 00 00 00 01 00 09 05
1279 41.680  notif ef dd 0c 08 05 00 00 00 00 01 00 09 05
1280 41.778  notif ef dd 0c 08 05 00 00 00 00 01 00 09 05
1281 41.875  notif ef dd 0c 08 05 00 00 00 00 01 00 09 05
1282 41.973  notif ef dd 0c 0a 05 00 00 00 00 01 00 06 64 11 69
1283 42.070  notif ef dd 0c 08 05 00 00 00 00 01 00 09 05
1284 42.216  notif ef dd 0c 08 05 00 00 00 00 01 00 09 05
1285 42.314  notif ef dd 0c 08 05 00 00 00 00 01 00 09 05
1286 42.411  notif ef dd 0c 08 05 00 00 00 00 01 00 09 05
1287 42.437 write  ef dd 06 00 00 00 00 00 00 00 00 00 00 00 00 00 00 00 00 00
1288 42.509  notif ef dd 0c 08 05 00 00 00 00 01 00 09 05 ef dd 08 09 64 00 02
1289 42.557  notif 01 00 00 01 01 0b 67
1290 42.607  notif ef dd 0c 08 05 00 00 00 00 01 00 09 05
1292 42.704  notif ef dd 0c 08 05 00 00 00 00 01 00 09 05
1293 42.802  notif ef dd 0c 08 05 00 00 00 00 01 00 09 05
1294 42.899  notif ef dd 0c 08 05 00 00 00 00 01 00 09 05
1295 42.904 write  ef dd 06 00 00 00 00 00 00 00 00 00 00 00 00 00 00 00 00 00
1296 42.997  notif ef dd 08 09 64 00 02 01 00 00 01 01 0b 67 ef dd 0c 08 05 00
1297 43.045  notif 00 00 00 01 00 09 05
1299 43.094  notif ef dd 0c 08 05 00 00 00 00 01 00 09 05
1300 43.240  notif ef dd 0c 08 05 00 00 00 00 01 00 09 05
1301 43.338  notif ef dd 0c 08 05 00 00 00 00 01 00 09 05
1302 43.435  notif ef dd 0c 08 05 00 00 00 00 01 00 09 05
1303 43.484  notif ef dd 0c 08 05 00 00 00 00 01 00 09 05
1304 43.582  notif ef dd 0c 08 05 00 00 00 00 01 00 09 05
1305 43.679  notif ef dd 0c 08 05 00 00 00 00 01 00 09 05
1306 43.777  notif ef dd 0c 08 05 00 00 00 00 01 00 09 05
1307 43.923  notif ef dd 0c 08 05 00 00 00 00 01 00 09 05
1308 44.020  notif ef dd 0c 08 05 00 00 00 00 01 00 09 05
1309 44.069 write  ef dd 00 02 00 02 00
1310 44.118  notif ef dd 0c 08 05 00 00 00 00 01 00 09 05
1311 44.215  notif ef dd 0c 0b 0b 00 e0 05 00 00 00 00 01 00 10 ec
1312 44.264  notif ef dd 0c 08 05 00 00 00 00 01 00 09 05
1329 44.410  notif ef dd 0c 08 05 00 00 00 00 01 00 09 05
1330 44.414 write  ef dd 06 00 00 00 00 00 00 00 00 00 00 00 00 00 00 00 00 00
1333 44.508  notif ef dd 0c 08 05 00 00 00 00 01 00 09 05 ef dd 08 09 64 00 02
1334 44.556  notif 01 00 00 01 01 0b 67
1336 44.605  notif ef dd 0c 08 05 00 00 00 00 01 00 09 05
1338 44.703  notif ef dd 0c 08 05 00 00 00 00 01 00 09 05
1340 44.800  notif ef dd 0c 08 05 00 00 00 00 01 00 09 05
1342 44.849  notif ef dd 0c 08 05 00 00 00 00 01 00 09 05
1345 44.996  notif ef dd 0c 08 05 00 00 00 00 01 00 09 05
1347 45.093  notif ef dd 0c 08 05 00 00 00 00 01 00 09 05
1350 45.190  notif ef dd 0c 08 05 00 00 00 00 01 00 09 05
1351 45.288  notif ef dd 0c 08 05 00 00 00 00 01 00 09 05
1352 45.337  notif ef dd 0c 08 05 00 00 00 00 01 00 09 05
1355 45.434  notif ef dd 0c 08 05 00 00 00 00 01 00 09 05
1358 45.580  notif ef dd 0c 08 05 00 00 00 00 01 00 09 05
1360 45.678  notif ef dd 0c 08 05 00 00 00 00 01 00 09 05
1361 45.775  notif ef dd 0c 08 05 00 00 00 00 01 00 09 05
1364 45.873  notif ef dd 0c 08 05 00 00 00 00 01 00 09 05
1366 45.883 write  ef dd 06 00 00 00 00 00 00 00 00 00 00 00 00 00 00 00 00 00
1369 45.971  notif ef dd 0c 08 05 00 00 00 00 01 00 09 05 ef dd 08 09 64 00 02
1372 46.019  notif 01 00 00 01 01 0b 67
1376 46.068  notif ef dd 0c 08 05 00 00 00 00 01 00 09 05
1380 46.165  notif ef dd 0c 08 05 00 00 00 00 01 00 09 05
1388 46.263  notif ef dd 0c 08 05 00 00 00 00 01 00 09 05
1391 46.362  notif ef dd 0c 08 05 00 00 00 00 01 00 09 05
1399 46.506  notif ef dd 0c 08 05 00 00 00 00 01 00 09 05
1402 46.604  notif ef dd 0c 08 05 00 00 00 00 01 00 09 05
1405 46.702  notif ef dd 0c 08 05 00 00 00 00 01 00 09 05
1408 46.799  notif ef dd 0c 08 05 00 00 00 00 01 00 09 05
1410 46.897  notif ef dd 0c 08 05 00 00 00 00 01 00 09 05
1412 46.994  notif ef dd 0c 08 05 00 00 00 00 01 00 09 05
1418 47.071 write  ef dd 00 02 00 02 00
1419 47.092  notif ef dd 0c 08 05 00 00 00 00 01 00 09 05
1426 47.238  notif ef dd 0c 0b 0b 00 e0 05 00 00 00 00 01 00 10 ec
1429 47.287  notif ef dd 0c 08 05 00 00 00 00 01 00 09 05
1430 47.335  notif ef dd 0c 08 05 00 00 00 00 01 00 09 05
1431 47.340 write  ef dd 06 00 00 00 00 00 00 00 00 00 00 00 00 00 00 00 00 00
1435 47.433  notif ef dd 08 09 64 00 02 01 00 00 01 01 0b 67
1437 47.482  notif ef dd 0c 08 05 00 00 00 00 01 00 09 05
1439 47.579  notif ef dd 0c 08 05 00 00 00 00 01 00 09 05
1440 47.628  notif ef dd 0c 08 05 00 00 00 00 01 00 09 05
1444 47.725  notif ef dd 0c 08 05 00 00 00 00 01 00 09 05
1446 47.871  notif ef dd 0c 08 05 00 00 00 00 01 00 09 05
1448 47.969  notif ef dd 0c 08 05 00 00 00 00 01 00 09 05
1450 48.067  notif ef dd 0c 08 05 00 00 00 00 01 00 09 05
1454 48.164  notif ef dd 0c 08 05 05 00 00 00 01 01 0e 06
1456 48.262  notif ef dd 0c 08 05 30 00 00 00 01 01 39 06
1458 48.359  notif ef dd 0c 08 05 64 00 00 00 01 01 6d 06
1461 48.457  notif ef dd 0c 08 05 69 00 00 00 01 01 72 06
1462 48.554  notif ef dd 0c 08 05 7f 00 00 00 01 01 88 06
1467 48.700  notif ef dd 0c 08 05 de 00 00 00 01 01 e7 06
1469 48.798  notif ef dd 0c 08 05 de 00 00 00 01 01 e7 06
1472 48.847  notif ef dd 0c 08 05 d5 00 00 00 01 01 de 06
1473 48.854 write  ef dd 06 00 00 00 00 00 00 00 00 00 00 00 00 00 00 00 00 00
1475 48.944  notif ef dd 0c 08 05 d6 00 00 00 01 01 df 06 ef dd 08 09 64 00 02
1477 48.993  notif 01 00 00 01 01 0b 67
1482 49.042  notif ef dd 0c 08 05 d5 00 00 00 01 01 de 06
1484 49.139  notif ef dd 0c 08 05 d5 00 00 00 01 01 de 06
1489 49.237  notif ef dd 0c 08 05 d5 00 00 00 01 01 de 06
1492 49.334  notif ef dd 0c 08 05 d5 00 00 00 01 00 de 05
1495 49.432  notif ef dd 0c 08 05 d5 00 00 00 01 00 de 05
1498 49.529  notif ef dd 0c 08 05 d5 00 00 00 01 00 de 05
1502 49.675  notif ef dd 0c 08 05 d5 00 00 00 01 00 de 05
1505 49.724  notif ef dd 0c 08 05 d5 00 00 00 01 00 de 05
1511 49.870  notif ef dd 0c 08 05 d5 00 00 00 01 00 de 05
1514 49.968  notif ef dd 0c 08 05 d5 00 00 00 01 00 de 05
1519 50.065  notif ef dd 0c 08 05 d5 00 00 00 01 00 de 05
1520 50.071 write  ef dd 00 02 00 02 00
1523 50.163  notif ef dd 0c 08 05 d5 00 00 00 01 00 de 05
1534 50.261  notif ef dd 0c 0b 0b 00 e0 05 d5 00 00 00 01 00 10 c1
1536 50.358  notif ef dd 0c 08 05 d5 00 00 00 01 00 de 05
1537 50.365 write  ef dd 06 00 00 00 00 00 00 00 00 00 00 00 00 00 00 00 00 00
1538 50.455  notif ef dd 0c 08 05 d5 00 00 00 01 00 de 05 ef dd 08 09 64 00 02
1539 50.504  notif 01 00 00 01 01 0b 67
1541 50.553  notif ef dd 0c 08 05 d5 00 00 00 01 00 de 05
1542 50.650  notif ef dd 0c 08 05 d5 00 00 00 01 00 de 05
1543 50.748  notif ef dd 0c 08 05 d5 00 00 00 01 00 de 05
1544 50.845  notif ef dd 0c 08 05 d6 00 00 00 01 00 df 05
1545 50.992  notif ef dd 0c 08 05 d6 00 00 00 01 00 df 05
1546 51.089  notif ef dd 0c 08 05 d6 00 00 00 01 00 df 05
1547 51.138  notif ef dd 0c 08 05 d6 00 00 00 01 00 df 05
1548 51.236  notif ef dd 0c 08 05 d5 00 00 00 01 00 de 05
1549 51.333  notif ef dd 0c 08 05 d5 00 00 00 01 00 de 05
1550 51.431  notif ef dd 0c 08 05 d5 00 00 00 01 00 de 05
1551 51.528  notif ef dd 0c 08 05 d5 00 00 00 01 00 de 05
1552 51.625  notif ef dd 0c 08 05 d5 00 00 00 01 00 de 05
1553 51.723  notif ef dd 0c 08 05 d5 00 00 00 01 00 de 05
1554 51.918  notif ef dd 0c 08 05 d5 00 00 00 01 00 de 05
1555 51.932 write  ef dd 06 00 00 00 00 00 00 00 00 00 00 00 00 00 00 00 00 00
1556 51.967  notif ef dd 0c 08 05 d5 00 00 00 01 00 de 05
1557 52.016  notif ef dd 08 09 64 00 02 01 00 00 01 01 0b 67
1558 52.064  notif ef dd 0c 08 05 d5 00 00 00 01 00 de 05
1559 52.162  notif ef dd 0c 08 05 d5 00 00 00 01 00 de 05
1561 52.259  notif ef dd 0c 08 05 d6 00 00 00 01 00 df 05
1562 52.357  notif ef dd 0c 08 05 d6 00 00 00 01 00 df 05
1563 52.454  notif ef dd 0c 08 05 d6 00 00 00 01 00 df 05
1564 52.552  notif ef dd 0c 08 05 d6 00 00 00 01 00 df 05
1565 52.649  notif ef dd 0c 08 05 d5 00 00 00 01 00 de 05
1566 52.747  notif ef dd 0c 08 05 d5 00 00 00 01 00 de 05
1567 52.844  notif ef dd 0c 08 05 d5 00 00 00 01 00 de 05
1568 52.942  notif ef dd 0c 08 05 d5 00 00 00 01 00 de 05
1569 53.039  notif ef dd 0c 08 05 d5 00 00 00 01 00 de 05
1570 53.081 write  ef dd 00 02 00 02 00
1571 53.137  notif ef dd 0c 08 05 d5 00 00 00 01 00 de 05
1572 53.234  notif ef dd 0c 0b 0b 00 e0 05 d5 00 00 00 01 00 10 c1
1574 53.332  notif ef dd 0c 08 05 d5 00 00 00 01 00 de 05
1575 53.341 write  ef dd 06 00 00 00 00 00 00 00 00 00 00 00 00 00 00 00 00 00
1576 53.429  notif ef dd 0c 08 05 d5 00 00 00 01 00 de 05 ef dd 08 09 64 00 02
1577 53.478  notif 01 00 00 01 01 0b 67
1578 53.527  notif ef dd 0c 08 05 d5 00 00 00 01 00 de 05
1580 53.624  notif ef dd 0c 08 05 d5 00 00 00 01 00 de 05
1581 53.750 write  ef dd 04 00 00 00 00 00 00 00 00 00 00 00 00 00 00 00 00 00
1582 53.771  notif ef dd 0c 08 05 d5 00 00 00 01 00 de 05
1583 53.868  notif ef dd 0c 0b 0b 00 80 05 00 00 00 00 01 00 10 8c
1585 53.966  notif ef dd 0c 08 05 00 00 00 00 01 00 09 05
1586 54.014  notif ef dd 0c 08 05 00 00 00 00 01 00 09 05
1587 54.112  notif ef dd 0c 08 05 00 00 00 00 01 00 09 05
1588 54.209  notif ef dd 0c 08 05 00 00 00 00 01 00 09 05
1589 54.307  notif ef dd 0c 08 05 00 00 00 00 01 00 09 05
1590 54.404  notif ef dd 0c 08 05 00 00 00 00 01 00 09 05
1591 54.551  notif ef dd 0c 08 05 00 00 00 00 01 00 09 05
1592 54.648  notif ef dd 0c 08 05 00 00 00 00 01 00 09 05
1593 54.746  notif ef dd 0c 08 05 00 00 00 00 01 00 09 05
1594 54.843  notif ef dd 0c 08 05 00 00 00 00 01 00 09 05
1595 54.854 write  ef dd 06 00 00 00 00 00 00 00 00 00 00 00 00 00 00 00 00 00
1596 54.941  notif ef dd 0c 08 05 00 00 00 00 01 00 09 05 ef dd 08 09 64 00 02
1597 54.989  notif 01 00 00 01 01 0b 67
1598 55.038  notif ef dd 0c 08 05 00 00 00 00 01 00 09 05
1600 55.136  notif ef dd 0c 08 05 00 00 00 00 01 00 09 05
1601 55.233  notif ef dd 0c 08 05 00 00 00 00 01 00 09 05
1602 55.332  notif ef dd 0c 08 05 00 00 00 00 01 00 09 05
1603 55.429  notif ef dd 0c 08 05 00 00 00 00 01 00 09 05
1604 55.574  notif ef dd 0c 08 05 00 00 00 00 01 00 09 05
1605 55.672  notif ef dd 0c 08 05 00 00 00 00 01 00 09 05
1606 55.769  notif ef dd 0c 08 05 00 00 00 00 01 00 09 05
1607 55.867  notif ef dd 0c 08 05 00 00 00 00 01 00 09 05
1608 55.964  notif ef dd 0c 08 05 00 00 00 00 01 00 09 05
1609 56.062  notif ef dd 0c 08 05 00 00 00 00 01 00 09 05
1610 56.071 write  ef dd 00 02 00 02 00
1611 56.159  notif ef dd 0c 08 05 00 00 00 00 01 00 09 05
1612 56.208  notif ef dd 0c 0b 0b 00 e0 05 00 00 00 00 01 00 10 ec
1614 56.306  notif ef dd 0c 08 05 00 00 00 00 01 00 09 05
1615 56.323 write  ef dd 06 00 00 00 00 00 00 00 00 00 00 00 00 00 00 00 00 00
1616 56.403  notif ef dd 0c 08 05 00 00 00 00 01 00 09 05
1617 56.452  notif ef dd 08 09 64 00 02 01 00 00 01 01 0b 67
1618 56.501  notif ef dd 0c 08 05 00 00 00 00 01 00 09 05
1619 56.598  notif ef dd 0c 08 05 00 00 00 00 01 00 09 05
1621 56.744  notif ef dd 0c 08 05 00 00 00 00 01 00 09 05
1622 56.842  notif ef dd 0c 08 05 00 00 00 00 01 00 09 05
1623 56.940  notif ef dd 0c 08 05 00 00 00 00 01 00 09 05
1624 57.037  notif ef dd 0c 08 05 00 00 00 00 01 00 09 05
1625 57.136  notif ef dd 0c 08 05 00 00 00 00 01 00 09 05
1626 57.232  notif ef dd 0c 08 05 00 00 00 00 01 00 09 05
1627 57.329  notif ef dd 0c 08 05 00 00 00 00 01 00 09 05
1628 57.427  notif ef dd 0c 08 05 00 00 00 00 01 00 09 05
1629 57.524  notif ef dd 0c 08 05 00 00 00 00 01 00 09 05
1630 57.622  notif ef dd 0c 08 05 00 00 00 00 01 00 09 05
1631 57.719  notif ef dd 0c 08 05 00 00 00 00 01 00 09 05
1632 57.819  notif ef dd 0c 08 05 00 00 00 00 01 00 09 05
1633 57.823 write  ef dd 06 00 00 00 00 00 00 00 00 00 00 00 00 00 00 00 00 00
1634 57.914  notif ef dd 0c 08 05 00 00 00 00 01 00 09 05
1635 57.915  notif ef dd 08 09 64 00 02 01 00 00 01 01 0b 67
1636 58.012  notif ef dd 0c 08 05 00 00 00 00 01 00 09 05
1638 58.109  notif ef dd 0c 08 05 00 00 00 00 01 00 09 05
1639 58.207  notif ef dd 0c 08 05 00 00 00 00 01 00 09 05
1640 58.305  notif ef dd 0c 08 05 00 00 00 00 01 00 09 05
1641 58.401  notif ef dd 0c 08 05 00 00 00 00 01 00 09 05
1642 58.548  notif ef dd 0c 08 05 00 00 00 00 01 00 09 05
1643 58.646  notif ef dd 0c 08 05 00 00 00 00 01 00 09 05
1644 58.743  notif ef dd 0c 08 05 00 00 00 00 01 00 09 05
1645 58.792  notif ef dd 0c 08 05 00 00 00 00 01 00 09 05
1646 58.890  notif ef dd 0c 08 05 00 00 00 00 01 00 09 05
1647 59.036  notif ef dd 0c 08 05 00 00 00 00 01 00 09 05
1648 59.071 write  ef dd 00 02 00 02 00
1649 59.085  notif ef dd 0c 08 05 00 00 00 00 01 00 09 05
1650 59.231  notif ef dd 0c 0b 0b 00 e0 05 00 00 00 00 01 00 10 ec
1652 59.280  notif ef dd 0c 08 05 00 00 00 00 01 00 09 05
1653 59.306 write  ef dd 06 00 00 00 00 00 00 00 00 00 00 00 00 00 00 00 00 00
1666 59.377  notif ef dd 08 09 64 00 02 01 00 00 01 01 0b 67
1668 59.426  notif ef dd 0c 08 05 00 00 00 00 01 00 09 05
1669 59.474  notif ef dd 0c 08 05 00 00 00 00 01 00 09 05
1672 59.572  notif ef dd 0c 08 05 00 00 00 00 01 00 09 05
1676 59.718  notif ef dd 0c 08 05 00 00 00 00 01 00 09 05
1679 59.816  notif ef dd 0c 08 05 00 00 00 00 01 00 09 05
1681 59.913  notif ef dd 0c 08 05 00 00 00 00 01 00 09 05
1683 60.011  notif ef dd 0c 08 05 00 00 00 00 01 00 09 05
1684 60.108  notif ef dd 0c 08 05 00 00 00 00 01 00 09 05
1685 60.206  notif ef dd 0c 08 05 00 00 00 00 01 00 09 05
1686 60.303  notif ef dd 0c 08 05 00 00 00 00 01 00 09 05
1687 60.401  notif ef dd 0c 08 05 00 00 00 00 01 00 09 05
1688 60.498  notif ef dd 0c 08 05 00 00 00 00 01 00 09 05
1689 60.645  notif ef dd 0c 08 05 00 00 00 00 01 00 09 05
1690 60.693  notif ef dd 0c 08 05 00 00 00 00 01 00 09 05
1691 60.791  notif ef dd 0c 08 05 00 00 00 00 01 00 09 05
1692 60.805 write  ef dd 06 00 00 00 00 00 00 00 00 00 00 00 00 00 00 00 00 00
1699 60.888  notif ef dd 0c 08 05 00 00 00 00 01 00 09 05 ef dd 08 09 64 00 02
1700 60.937  notif 01 00 00 01 01 0b 67
1701 60.986  notif ef dd 0c 08 05 00 00 00 00 01 00 09 05
1703 61.084  notif ef dd 0c 08 05 00 00 00 00 01 00 09 05
1704 61.181  notif ef dd 0c 08 05 00 00 00 00 01 00 09 05
1705 61.278  notif ef dd 0c 08 05 00 00 00 00 01 00 09 05
1706 61.425  notif ef dd 0c 08 05 00 00 00 00 01 00 09 05
1707 61.473  notif ef dd 0c 08 05 00 00 00 00 01 00 09 05
1708 61.571  notif ef dd 0c 08 05 00 00 00 00 01 00 09 05
1709 61.717  notif ef dd 0c 08 05 00 00 00 00 01 00 09 05
1710 61.815  notif ef dd 0c 08 05 00 00 00 00 01 00 09 05
1711 61.912  notif ef dd 0c 0a 05 00 00 00 00 01 00 06 64 11 69
1712 62.010  notif ef dd 0c 08 05 00 00 00 00 01 00 09 05
1713 62.071 write  ef dd 00 02 00 02 00
1714 62.107  notif ef dd 0c 08 05 00 00 00 00 01 00 09 05
1715 62.205  notif ef dd 0c 0b 0b 00 e0 05 00 00 00 00 01 00 10 ec
1716 62.302  notif ef dd 0c 08 05 00 00 00 00 01 00 09 05
1718 62.351 write  ef dd 06 00 00 00 00 00 00 00 00 00 00 00 00 00 00 00 00 00
1719 62.400  notif ef dd 0c 08 05 00 00 00 00 01 00 09 05
1720 62.448  notif ef dd 08 09 64 00 02 01 00 00 01 01 0b 67
1721 62.497  notif ef dd 0c 08 05 00 00 00 00 01 00 09 05
1723 62.595  notif ef dd 0c 08 05 00 00 00 00 01 00 09 05
1724 62.692  notif ef dd 0c 08 05 00 00 00 00 01 00 09 05
1725 62.790  notif ef dd 0c 08 05 00 00 00 00 01 00 09 05
1726 62.887  notif ef dd 0c 08 05 00 00 00 00 01 00 09 05
1727 62.985  notif ef dd 0c 08 05 00 00 00 00 01 00 09 05
1728 63.082  notif ef dd 0c 08 05 00 00 00 00 01 00 09 05
1729 63.180  notif ef dd 0c 08 05 00 00 00 00 01 00 09 05
1730 63.277  notif ef dd 0c 08 05 00 00 00 00 01 00 09 05
1731 63.375  notif ef dd 0c 08 05 00 00 00 00 01 00 09 05
1732 63.472  notif ef dd 0c 08 05 00 00 00 00 01 00 09 05
1733 63.570  notif ef dd 0c 08 05 00 00 00 00 01 00 09 05
1734 63.667  notif ef dd 0c 08 05 00 00 00 00 01 00 09 05
1735 63.765  notif ef dd 0c 08 05 00 00 00 00 01 00 09 05
1736 63.768 write  ef dd 06 00 00 00 00 00 00 00 00 00 00 00 00 00 00 00 00 00
1737 63.861  notif ef dd 08 09 64 00 02 01 00 00 01 01 0b 67
1738 63.863  notif ef dd 0c 08 05 00 00 00 00 01 00 09 05
1740 64.057  notif ef dd 0c 08 05 00 00 00 00 01 00 09 05
1741 64.106  notif ef dd 0c 08 05 00 00 00 00 01 00 09 05
1742 64.203  notif ef dd 0c 08 05 00 00 00 00 01 00 09 05
1743 64.301  notif ef dd 0c 08 05 00 00 00 00 01 00 09 05
1744 64.399  notif ef dd 0c 08 05 00 00 00 00 01 00 09 05
1745 64.496  notif ef dd 0c 08 05 00 00 00 00 01 00 09 05
1746 64.594  notif ef dd 0c 08 05 00 00 00 00 01 00 09 05
1747 64.691  notif ef dd 0c 08 05 00 00 00 00 01 00 09 05
1748 64.789  notif ef dd 0c 08 05 00 00 00 00 01 00 09 05
1749 64.886  notif ef dd 0c 08 05 00 00 00 00 01 00 09 05
1750 64.984  notif ef dd 0c 08 05 00 00 00 00 01 00 09 05
1751 65.071 write  ef dd 00 02 00 02 00
1752 65.081  notif ef dd 0c 08 05 00 00 00 00 01 00 09 05
1753 65.179  notif ef dd 0c 0b 0b 00 e0 05 00 00 00 00 01 00 10 ec
1755 65.276  notif ef dd 0c 08 05 00 00 00 00 01 00 09 05
1756 65.282 write  ef dd 06 00 00 00 00 00 00 00 00 00 00 00 00 00 00 00 00 00
1757 65.374  notif ef dd 08 09 64 00 02 01 00 00 01 01 0b 67 ef dd 0c 08 05 00
1758 65.422  notif 00 00 00 01 00 09 05
1760 65.520  notif ef dd 0c 08 05 00 00 00 00 01 00 09 05
1761 65.617  notif ef dd 0c 08 05 00 00 00 00 01 00 09 05
1762 65.666  notif ef dd 0c 08 05 00 00 00 00 01 00 09 05
1763 65.763  notif ef dd 0c 08 05 00 00 00 00 01 00 09 05
1764 65.861  notif ef dd 0c 08 05 00 00 00 00 01 00 09 05
1765 65.959  notif ef dd 0c 08 05 00 00 00 00 01 00 09 05
1766 66.056  notif ef dd 0c 08 05 00 00 00 00 01 00 09 05
1767 66.154  notif ef dd 0c 08 05 00 00 00 00 01 00 09 05
1768 66.251  notif ef dd 0c 08 05 00 00 00 00 01 00 09 05
1769 66.349  notif ef dd 0c 08 05 00 00 00 00 01 00 09 05
1770 66.446  notif ef dd 0c 08 05 00 00 00 00 01 00 09 05
1771 66.544  notif ef dd 0c 08 05 00 00 00 00 01 00 09 05
1772 66.690  notif ef dd 0c 08 05 00 00 00 00 01 00 09 05
1773 66.787  notif ef dd 0c 08 05 00 00 00 00 01 00 09 05
1774 66.885  notif ef dd 0c 08 05 00 00 00 00 01 00 09 05
1775 67.031  notif ef dd 0c 08 05 00 00 00 00 01 00 09 05
1776 67.080  notif ef dd 0c 08 05 00 00 00 00 01 00 09 05
1777 67.177  notif ef dd 0c 08 05 00 00 00 00 01 00 09 05
1778 67.275  notif ef dd 0c 08 05 00 00 00 00 01 00 09 05
1779 67.372  notif ef dd 0c 08 05 00 00 00 00 01 00 09 05
1780 67.421  notif ef dd 0c 08 05 00 00 00 00 01 00 09 05
1781 67.519  notif ef dd 0c 08 05 00 00 00 00 01 00 09 05
1782 67.665  notif ef dd 0c 08 05 00 00 00 00 01 00 09 05
1783 67.763  notif ef dd 0c 08 05 00 00 00 00 01 00 09 05
1784 67.860  notif ef dd 0c 08 05 00 00 00 00 01 00 09 05
1785 67.957  notif ef dd 0c 08 05 00 00 00 00 01 00 09 05
1786 68.055  notif ef dd 0c 08 05 00 00 00 00 01 00 09 05
1787 68.074 write  ef dd 00 02 00 02 00
1788 68.153  notif ef dd 0c 08 05 00 00 00 00 01 00 09 05
1789 68.250  notif ef dd 0c 0b 0b 00 e0 05 00 00 00 00 01 00 10 ec
1791 68.348  notif ef dd 0c 08 05 00 00 00 00 01 00 09 05
1792 68.445  notif ef dd 0c 08 05 00 00 00 00 01 00 09 05
1793 68.542  notif ef dd 0c 08 05 00 00 00 00 01 00 09 05
1794 68.640  notif ef dd 0c 08 05 00 00 00 00 01 00 09 05
1795 68.786  notif ef dd 0c 08 05 00 00 00 00 01 00 09 05
1796 68.884  notif ef dd 0c 08 05 00 00 00 00 01 00 09 05
1797 68.981  notif ef dd 0c 08 05 00 00 00 00 01 00 09 05
1798 69.079  notif ef dd 0c 08 05 00 00 00 00 01 00 09 05
1799 69.177  notif ef dd 0c 08 05 00 00 00 00 01 00 09 05
1800 69.274  notif ef dd 0c 08 05 00 00 00 00 01 00 09 05
1801 69.371  notif ef dd 0c 08 05 00 00 00 00 01 00 09 05
1802 69.420  notif ef dd 0c 08 05 00 00 00 00 01 00 09 05
1803 69.566  notif ef dd 0c 08 05 00 00 00 00 01 00 09 05
1804 69.615  notif ef dd 0c 08 05 00 00 00 00 01 00 09 05
1805 69.713  notif ef dd 0c 08 05 00 00 00 00 01 00 09 05
1806 69.859  notif ef dd 0c 08 05 00 00 00 00 01 00 09 05
1807 69.956  notif ef dd 0c 08 05 00 00 00 00 01 00 09 05
1808 70.054  notif ef dd 0c 08 05 00 00 00 00 01 00 09 05
1809 70.151  notif ef dd 0c 08 05 00 00 00 00 01 00 09 05
1810 70.249  notif ef dd 0c 08 05 00 00 00 00 01 00 09 05
1811 70.346  notif ef dd 0c 08 05 00 00 00 00 01 00 09 05
1812 70.444  notif ef dd 0c 08 05 00 00 00 00 01 00 09 05
1813 70.541  notif ef dd 0c 08 05 00 00 00 00 01 00 09 05
1814 70.639  notif ef dd 0c 08 05 00 00 00 00 01 00 09 05
1815 70.785  notif ef dd 0c 08 05 00 00 00 00 01 00 09 05
1816 70.883  notif ef dd 0c 08 05 00 00 00 00 01 00 09 05
1817 70.980  notif ef dd 0c 08 05 00 00 00 00 01 00 09 05
1818 71.070 write  ef dd 00 02 00 02 00
1819 71.078  notif ef dd 0c 08 05 00 00 00 00 01 00 09 05
1820 71.175  notif ef dd 0c 0b 0b 00 e0 05 00 00 00 00 01 00 10 ec
1821 71.273  notif ef dd 0c 08 05 00 00 00 00 01 00 09 05
1823 71.370  notif ef dd 0c 08 05 00 00 00 00 01 00 09 05
1824 71.468  notif ef dd 0c 08 05 00 00 00 00 01 00 09 05
1825 71.565  notif ef dd 0c 08 05 00 00 00 00 01 00 09 05
1826 71.663  notif ef dd 0c 08 05 00 00 00 00 01 00 09 05
1827 71.760  notif ef dd 0c 08 05 00 00 00 00 01 00 09 05
1828 71.858  notif ef dd 0c 08 05 00 00 00 00 01 00 09 05
1829 71.955  notif ef dd 0c 08 05 00 00 00 00 01 00 09 05
1830 72.053  notif ef dd 0c 08 05 00 00 00 00 01 00 09 05
1831 72.150  notif ef dd 0c 08 05 00 00 00 00 01 00 09 05
1832 72.248  notif ef dd 0c 08 05 00 00 00 00 01 00 09 05
1833 72.345  notif ef dd 0c 08 05 00 00 00 00 01 00 09 05
1834 72.443  notif ef dd 0c 08 05 00 00 00 00 01 00 09 05
1835 72.540  notif ef dd 0c 08 05 00 00 00 00 01 00 09 05
1836 72.618 write  ef dd 04 00 00 00 00 00 00 00 00 00 00 00 00 00 00 00 00 00
1837 72.638  notif ef dd 0c 08 05 00 00 00 00 01 00 09 05
1838 72.784  notif ef dd 0c 0b 0b 00 80 05 00 00 00 00 01 00 10 8c
1840 72.881  notif ef dd 0c 08 05 00 00 00 00 01 00 09 05
1841 72.930  notif ef dd 0c 08 05 00 00 00 00 01 00 09 05
1842 73.028  notif ef dd 0c 08 05 00 00 00 00 01 00 09 05
1843 73.125  notif ef dd 0c 08 05 00 00 00 00 01 00 09 05
1844 73.272  notif ef dd 0c 08 05 00 00 00 00 01 00 09 05
1845 73.320  notif ef dd 0c 08 05 00 00 00 00 01 00 09 05
1846 73.418  notif ef dd 0c 08 05 00 00 00 00 01 00 09 05
1847 73.515  notif ef dd 0c 08 05 00 00 00 00 01 00 09 05
1848 73.613  notif ef dd 0c 08 05 00 00 00 00 01 00 09 05
1849 73.710  notif ef dd 0c 08 05 00 00 00 00 01 00 09 05
1850 73.857  notif ef dd 0c 08 05 00 00 00 00 01 00 09 05
1851 73.954  notif ef dd 0c 08 05 00 00 00 00 01 00 09 05
1852 74.052  notif ef dd 0c 08 05 00 00 00 00 01 00 09 05
1853 74.073 write  ef dd 00 02 00 02 00
1854 74.149  notif ef dd 0c 08 05 00 00 00 00 01 00 09 05
1856 74.247  notif ef dd 0c 0b 0b 00 e0 05 00 00 00 00 01 00 10 ec
1857 74.344  notif ef dd 0c 08 05 00 00 00 00 01 00 09 05
1858 74.442  notif ef dd 0c 08 05 00 00 00 00 01 00 09 05
1859 74.539  notif ef dd 0c 08 05 00 00 00 00 01 00 09 05
1860 74.637  notif ef dd 0c 08 05 00 00 00 00 01 00 09 05
1861 74.734  notif ef dd 0c 08 05 00 00 00 00 01 00 09 05
1862 74.832  notif ef dd 0c 08 05 00 00 00 00 01 00 09 05
1863 74.929  notif ef dd 0c 08 05 00 00 00 00 01 00 09 05
1864 75.027  notif ef dd 0c 08 05 00 00 00 00 01 00 09 05
1865 75.124  notif ef dd 0c 08 05 00 00 00 00 01 00 09 05
1866 75.173  notif ef dd 0c 08 05 00 00 00 00 01 00 09 05
1867 75.368  notif ef dd 0c 08 05 00 00 00 00 01 00 09 05
1868 75.417  notif ef dd 0c 08 05 00 00 00 00 01 00 09 05
1869 75.514  notif ef dd 0c 08 05 00 00 00 00 01 00 09 05
1870 75.612  notif ef dd 0c 08 05 00 00 00 00 01 00 09 05
1871 75.709  notif ef dd 0c 08 05 00 00 00 00 01 00 09 05
1872 75.807  notif ef dd 0c 08 05 00 00 00 00 01 00 09 05
1873 75.904  notif ef dd 0c 08 05 00 00 00 00 01 00 09 05
1874 76.002  notif ef dd 0c 08 05 00 00 00 00 01 00 09 05
1875 76.099  notif ef dd 0c 08 05 00 00 00 00 01 00 09 05
1876 76.197  notif ef dd 0c 08 05 00 00 00 00 01 00 09 05
1877 76.294  notif ef dd 0c 08 05 00 00 00 00 01 00 09 05
1878 76.392  notif ef dd 0c 08 05 00 00 00 00 01 00 09 05
1879 76.489  notif ef dd 0c 08 05 00 00 00 00 01 00 09 05
1880 76.587  notif ef dd 0c 08 05 00 00 00 00 01 00 09 05
1881 76.684  notif ef dd 0c 08 05 00 00 00 00 01 00 09 05
1882 76.830  notif ef dd 0c 08 05 00 00 00 00 01 00 09 05
1883 76.928  notif ef dd 0c 08 05 00 00 00 00 01 00 09 05
1884 77.025  notif ef dd 0c 08 05 00 00 00 00 01 00 09 05
1885 77.074 write  ef dd 00 02 00 02 00
1886 77.123  notif ef dd 0c 08 05 00 00 00 00 01 00 09 05
1887 77.220  notif ef dd 0c 0b 0b 00 e0 05 00 00 00 00 01 00 10 ec
1889 77.318  notif ef dd 0c 08 05 00 00 00 00 01 00 09 05
1890 77.416  notif ef dd 0c 08 05 00 00 00 00 01 00 09 05
1891 77.513  notif ef dd 0c 08 05 00 00 00 00 01 00 09 05
1892 77.611  notif ef dd 0c 08 05 00 00 00 00 01 00 09 05
1893 77.708  notif ef dd 0c 08 05 00 00 00 00 01 00 09 05
1894 77.805  notif ef dd 0c 08 05 00 00 00 00 01 00 09 05
1895 77.903  notif ef dd 0c 08 05 00 00 00 00 01 00 09 05
1896 78.001  notif ef dd 0c 08 05 00 00 00 00 01 00 09 05
1897 78.147  notif ef dd 0c 08 05 00 00 00 00 01 00 09 05
1898 78.244  notif ef dd 0c 08 05 00 00 00 00 01 00 09 05
1899 78.342  notif ef dd 0c 08 05 00 00 00 00 01 00 09 05
1900 78.439  notif ef dd 0c 08 05 00 00 00 00 01 00 09 05
1901 78.537  notif ef dd 0c 08 05 00 00 00 00 01 00 09 05
1902 78.683  notif ef dd 0c 08 05 00 00 00 00 01 00 09 05
1903 78.732  notif ef dd 0c 08 05 00 00 00 00 01 00 09 05
1904 78.829  notif ef dd 0c 08 05 00 00 00 00 01 00 09 05
1905 78.927  notif ef dd 0c 08 05 00 00 00 00 01 00 09 05
1906 79.024  notif ef dd 0c 08 05 00 00 00 00 01 00 09 05
1907 79.122  notif ef dd 0c 08 05 00 00 00 00 01 00 09 05
1908 79.219  notif ef dd 0c 08 05 00 00 00 00 01 00 09 05
1909 79.317  notif ef dd 0c 08 05 00 00 00 00 01 00 09 05
1910 79.414  notif ef dd 0c 08 05 00 00 00 00 01 00 09 05
1911 79.512  notif ef dd 0c 08 05 00 00 00 00 01 00 09 05
1912 79.609  notif ef dd 0c 08 05 00 00 00 00 01 00 09 05
1913 79.707  notif ef dd 0c 08 05 00 00 00 00 01 00 09 05
1914 79.804  notif ef dd 0c 08 05 00 00 00 00 01 00 09 05
1915 79.902  notif ef dd 0c 08 05 00 00 00 00 01 00 09 05
1916 79.951  notif ef dd 0c 08 05 00 00 00 00 01 00 09 05
1917 80.048  notif ef dd 0c 08 05 00 00 00 00 01 00 09 05
1918 80.075 write  ef dd 00 02 00 02 00
1919 80.194  notif ef dd 0c 0b 0b 00 e0 05 08 00 00 00 01 01 11 f4
1920 80.292  notif ef dd 0c 08 05 1d 00 00 00 01 01 26 06
1922 80.438  notif ef dd 0c 08 05 3d 00 00 00 01 01 46 06
1923 80.487  notif ef dd 0c 08 05 45 00 00 00 01 01 4e 06
1924 80.584  notif ef dd 0c 08 05 50 00 00 00 01 01 59 06
1925 80.682  notif ef dd 0c 08 05 5b 00 00 00 01 01 64 06
1926 80.779  notif ef dd 0c 08 05 57 00 00 00 01 01 60 06
1927 80.877  notif ef dd 0c 08 05 57 00 00 00 01 01 60 06
1928 80.974  notif ef dd 0c 08 05 57 00 00 00 01 01 60 06
1929 81.072  notif ef dd 0c 08 05 57 00 00 00 01 01 60 06
1930 81.218  notif ef dd 0c 08 05 57 00 00 00 01 00 60 05
1931 81.316  notif ef dd 0c 08 05 57 00 00 00 01 00 60 05
1932 81.413  notif ef dd 0c 08 05 57 00 00 00 01 00 60 05
1933 81.511  notif ef dd 0c 08 05 57 00 00 00 01 00 60 05
1934 81.608  notif ef dd 0c 08 05 57 00 00 00 01 00 60 05
1935 81.706  notif ef dd 0c 08 05 57 00 00 00 01 00 60 05
1936 81.803  notif ef dd 0c 0a 05 57 00 00 00 01 00 06 64 68 69
1937 81.901  notif ef dd 0c 08 05 57 00 00 00 01 00 60 05
1938 81.998  notif ef dd 0c 08 05 57 00 00 00 01 00 60 05
1939 82.096  notif ef dd 0c 08 05 57 00 00 00 01 00 60 05
1940 82.193  notif ef dd 0c 08 05 57 00 00 00 01 00 60 05
1941 82.291  notif ef dd 0c 08 05 57 00 00 00 01 00 60 05
1942 82.388  notif ef dd 0c 08 05 57 00 00 00 01 00 60 05
1943 82.534  notif ef dd 0c 08 05 57 00 00 00 01 00 60 05
1944 82.632  notif ef dd 0c 08 05 57 00 00 00 01 00 60 05
1945 82.730  notif ef dd 0c 08 05 57 00 00 00 01 00 60 05
1946 82.827  notif ef dd 0c 08 05 57 00 00 00 01 00 60 05
1947 82.924  notif ef dd 0c 08 05 57 00 00 00 01 00 60 05
1948 83.022  notif ef dd 0c 08 05 57 00 00 00 01 00 60 05
1949 83.071  notif ef dd 0c 08 05 57 00 00 00 01 00 60 05
1950 83.076 write  ef dd 00 02 00 02 00
1951 83.168  notif ef dd 0c 08 05 57 00 00 00 01 00 60 05
1952 83.266  notif ef dd 0c 0b 0b 00 e0 05 57 00 00 00 01 00 10 43
1954 83.363  notif ef dd 0c 08 05 57 00 00 00 01 00 60 05
1955 83.461  notif ef dd 0c 08 05 57 00 00 00 01 00 60 05
1956 83.558  notif ef dd 0c 08 05 57 00 00 00 01 00 60 05
1957 83.705  notif ef dd 0c 08 05 57 00 00 00 01 00 60 05
1958 83.802  notif ef dd 0c 08 05 57 00 00 00 01 00 60 05
1959 83.900  notif ef dd 0c 08 05 57 00 00 00 01 00 60 05
1960 83.997  notif ef dd 0c 08 05 57 00 00 00 01 00 60 05
1961 84.095  notif ef dd 0c 08 05 57 00 00 00 01 00 60 05
1962 84.192  notif ef dd 0c 08 05 57 00 00 00 01 00 60 05
1963 84.290  notif ef dd 0c 08 05 57 00 00 00 01 00 60 05
1964 84.387  notif ef dd 0c 08 05 57 00 00 00 01 00 60 05
1965 84.533  notif ef dd 0c 08 05 57 00 00 00 01 00 60 05
1966 84.582  notif ef dd 0c 08 05 57 00 00 00 01 00 60 05
1967 84.680  notif ef dd 0c 08 05 57 00 00 00 01 00 60 05
1968 84.777  notif ef dd 0c 08 05 57 00 00 00 01 00 60 05
1969 84.875  notif ef dd 0c 08 05 57 00 00 00 01 00 60 05
1970 84.972  notif ef dd 0c 08 05 57 00 00 00 01 00 60 05
1971 85.070  notif ef dd 0c 08 05 57 00 00 00 01 00 60 05
1972 85.216  notif ef dd 0c 08 05 57 00 00 00 01 00 60 05
1973 85.265  notif ef dd 0c 08 05 57 00 00 00 01 00 60 05
1974 85.362  notif ef dd 0c 08 05 57 00 00 00 01 00 60 05
1975 85.508  notif ef dd 0c 08 05 57 00 00 00 01 00 60 05
1976 85.606  notif ef dd 0c 08 05 57 00 00 00 01 00 60 05
1977 85.703  notif ef dd 0c 08 05 57 00 00 00 01 00 60 05
1978 85.752  notif ef dd 0c 08 05 57 00 00 00 01 00 60 05
1979 85.850  notif ef dd 0c 08 05 57 00 00 00 01 00 60 05
1980 85.947  notif ef dd 0c 08 05 57 00 00 00 01 00 60 05
1981 86.045  notif ef dd 0c 08 05 57 00 00 00 01 00 60 05
1982 86.076 write  ef dd 00 02 00 02 00
1983 86.142  notif ef dd 0c 0b 0b 00 e0 05 57 00 00 00 01 00 10 43
1984 86.240  notif ef dd 0c 08 05 57 00 00 00 01 00 60 05
1986 86.337  notif ef dd 0c 08 05 57 00 00 00 01 00 60 05
1987 86.435  notif ef dd 0c 08 05 57 00 00 00 01 00 60 05
1988 86.581  notif ef dd 0c 08 05 58 00 00 00 01 00 61 05
1989 86.629  notif ef dd 0c 08 05 58 00 00 00 01 00 61 05
1990 86.727  notif ef dd 0c 08 05 58 00 00 00 01 00 61 05
1991 86.825  notif ef dd 0c 08 05 58 00 00 00 01 00 61 05
1992 86.922  notif ef dd 0c 08 05 57 00 00 00 01 00 60 05
1993 87.020  notif ef dd 0c 08 05 57 00 00 00 01 00 60 05
1994 87.166  notif ef dd 0c 08 05 57 00 00 00 01 00 60 05
1995 87.263  notif ef dd 0c 08 05 57 00 00 00 01 00 60 05
1996 87.361  notif ef dd 0c 08 05 57 00 00 00 01 00 60 05
1997 87.458  notif ef dd 0c 08 05 57 00 00 00 01 00 60 05
1998 87.556  notif ef dd 0c 08 05 57 00 00 00 01 00 60 05
1999 87.702  notif ef dd 0c 08 05 5c 00 00 00 01 01 65 06
2000 87.751  notif ef dd 0c 08 05 70 00 00 00 01 01 79 06
2001 87.849  notif ef dd 0c 08 05 8c 00 00 00 01 01 95 06
2002 87.946  notif ef dd 0c 08 05 c2 00 00 00 01 01 cb 06
2003 88.043  notif ef dd 0c 08 05 1a 01 00 00 01 01 23 07
2004 88.141  notif ef dd 0c 08 05 22 01 00 00 01 01 2b 07
2005 88.238  notif ef dd 0c 08 05 1c 01 00 00 01 01 25 07
2006 88.336  notif ef dd 0c 08 05 1b 01 00 00 01 01 24 07
2007 88.433  notif ef dd 0c 08 05 1b 01 00 00 01 01 24 07
2008 88.531  notif ef dd 0c 08 05 1b 01 00 00 01 01 24 07
2009 88.628  notif ef dd 0c 08 05 1b 01 00 00 01 01 24 07
2010 88.726  notif ef dd 0c 08 05 1b 01 00 00 01 00 24 06
2011 88.823  notif ef dd 0c 08 05 1b 01 00 00 01 00 24 06
2012 88.921  notif ef dd 0c 08 05 1b 01 00 00 01 00 24 06
2013 89.067  notif ef dd 0c 08 05 1b 01 00 00 01 00 24 06
2014 89.075 write  ef dd 00 02 00 02 00
2015 89.165  notif ef dd 0c 08 05 1b 01 00 00 01 00 24 06
2016 89.262  notif ef dd 0c 0b 0b 00 e0 05 1b 01 00 00 01 00 11 07
2018 89.360  notif ef dd 0c 08 05 1b 01 00 00 01 00 24 06
2019 89.457  notif ef dd 0c 08 05 1b 01 00 00 01 00 24 06
2020 89.555  notif ef dd 0c 08 05 1b 01 00 00 01 00 24 06
2021 89.653  notif ef dd 0c 08 05 1b 01 00 00 01 00 24 06
2022 89.750  notif ef dd 0c 08 05 1b 01 00 00 01 00 24 06
2023 89.847  notif ef dd 0c 08 05 1b 01 00 00 01 00 24 06
2024 89.945  notif ef dd 0c 08 05 1b 01 00 00 01 00 24 06
2025 90.091  notif ef dd 0c 08 05 1b 01 00 00 01 00 24 06
2026 90.189  notif ef dd 0c 08 05 1b 01 00 00 01 00 24 06
2027 90.237  notif ef dd 0c 08 05 1b 01 00 00 01 00 24 06
2028 90.335  notif ef dd 0c 08 05 1b 01 00 00 01 00 24 06
2029 90.432  notif ef dd 0c 08 05 1b 01 00 00 01 00 24 06
2030 90.530  notif ef dd 0c 08 05 1b 01 00 00 01 00 24 06
2031 90.627  notif ef dd 0c 08 05 1b 01 00 00 01 00 24 06
2032 90.774  notif ef dd 0c 08 05 1b 01 00 00 01 00 24 06
2033 90.822  notif ef dd 0c 08 05 1b 01 00 00 01 00 24 06
2034 90.920  notif ef dd 0c 08 05 1b 01 00 00 01 00 24 06
2035 91.017  notif ef dd 0c 08 05 1b 01 00 00 01 00 24 06
2036 91.164  notif ef dd 0c 08 05 1b 01 00 00 01 00 24 06
2037 91.261  notif ef dd 0c 08 05 1b 01 00 00 01 00 24 06
2038 91.358  notif ef dd 0c 08 05 1b 01 00 00 01 00 24 06
2039 91.456  notif ef dd 0c 08 05 1b 01 00 00 01 00 24 06
2040 91.553  notif ef dd 0c 08 05 1b 01 00 00 01 00 24 06
2041 91.651  notif ef dd 0c 08 05 1b 01 00 00 01 00 24 06
2042 91.748  notif ef dd 0c 08 05 1b 01 00 00 01 00 24 06
2043 91.846  notif ef dd 0c 08 05 1b 01 00 00 01 00 24 06
2044 91.943  notif ef dd 0c 08 05 1b 01 00 00 01 00 24 06
2045 92.041  notif ef dd 0c 08 05 1b 01 00 00 01 00 24 06
2046 92.075 write  ef dd 00 02 00 02 00
2047 92.138  notif ef dd 0c 08 05 1b 01 00 00 01 00 24 06
2048 92.236  notif ef dd 0c 0b 0b 00 e0 05 1b 01 00 00 01 00 11 07
2049 92.333  notif ef dd 0c 08 05 1b 01 00 00 01 00 24 06
2051 92.431  notif ef dd 0c 08 05 1b 01 00 00 01 00 24 06
2052 92.577  notif ef dd 0c 08 05 1b 01 00 00 01 00 24 06
2053 92.675  notif ef dd 0c 08 05 1b 01 00 00 01 00 24 06
2054 92.773  notif ef dd 0c 08 05 1b 01 00 00 01 00 24 06
2055 92.870  notif ef dd 0c 08 05 1b 01 00 00 01 00 24 06
2056 92.967  notif ef dd 0c 08 05 1b 01 00 00 01 00 24 06
2057 93.065  notif ef dd 0c 08 05 1b 01 00 00 01 00 24 06
2058 93.162  notif ef dd 0c 08 05 1b 01 00 00 01 00 24 06
2059 93.260  notif ef dd 0c 08 05 1b 01 00 00 01 00 24 06
2060 93.357  notif ef dd 0c 08 05 1b 01 00 00 01 00 24 06
2061 93.455  notif ef dd 0c 08 05 1b 01 00 00 01 00 24 06
2062 93.552  notif ef dd 0c 08 05 1b 01 00 00 01 00 24 06
2063 93.650  notif ef dd 0c 08 05 1b 01 00 00 01 00 24 06
2064 93.747  notif ef dd 0c 08 05 1b 01 00 00 01 00 24 06
2065 93.845  notif ef dd 0c 08 05 1b 01 00 00 01 00 24 06
2066 93.943  notif ef dd 0c 08 05 1b 01 00 00 01 00 24 06
2067 94.040  notif ef dd 0c 08 05 1b 01 00 00 01 00 24 06
2068 94.186  notif ef dd 0c 08 05 1b 01 00 00 01 00 24 06
2069 94.235  notif ef dd 0c 08 05 1b 01 00 00 01 00 24 06
2070 94.332  notif ef dd 0c 08 05 1b 01 00 00 01 00 24 06
2071 94.430  notif ef dd 0c 08 05 1b 01 00 00 01 00 24 06
2072 94.528  notif ef dd 0c 08 05 1b 01 00 00 01 00 24 06
2073 94.625  notif ef dd 0c 08 05 1b 01 00 00 01 00 24 06
2074 94.723  notif ef dd 0c 08 05 1b 01 00 00 01 00 24 06
2075 94.820  notif ef dd 0c 08 05 1b 01 00 00 01 00 24 06
2076 94.918  notif ef dd 0c 08 05 1b 01 00 00 01 00 24 06
2077 95.015  notif ef dd 0c 08 05 1b 01 00 00 01 00 24 06
2078 95.076 write  ef dd 00 02 00 02 00
2079 95.113  notif ef dd 0c 08 05 1b 01 00 00 01 00 24 06
2080 95.210  notif ef dd 0c 0b 0b 00 e0 05 1b 01 00 00 01 00 11 07
2081 95.307  notif ef dd 0c 08 05 1b 01 00 00 01 00 24 06
2083 95.405  notif ef dd 0c 08 05 1b 01 00 00 01 00 24 06
2084 95.503  notif ef dd 0c 08 05 1b 01 00 00 01 00 24 06
2085 95.649  notif ef dd 0c 08 05 1b 01 00 00 01 00 24 06
2086 95.746  notif ef dd 0c 08 05 1b 01 00 00 01 00 24 06
2087 95.844  notif ef dd 0c 08 05 1b 01 00 00 01 00 24 06
2088 95.941  notif ef dd 0c 08 05 1b 01 00 00 01 00 24 06
2089 96.039  notif ef dd 0c 08 05 1b 01 00 00 01 00 24 06
2090 96.185  notif ef dd 0c 08 05 1b 01 00 00 01 00 24 06
2091 96.234  notif ef dd 0c 08 05 1b 01 00 00 01 00 24 06
2092 96.331  notif ef dd 0c 08 05 1b 01 00 00 01 00 24 06
2093 96.429  notif ef dd 0c 08 05 1b 01 00 00 01 00 24 06
2094 96.526  notif ef dd 0c 08 05 1b 01 00 00 01 00 24 06
2095 96.624  notif ef dd 0c 08 05 1b 01 00 00 01 00 24 06
2096 96.673  notif ef dd 0c 08 05 1b 01 00 00 01 00 24 06
2097 96.867  notif ef dd 0c 08 05 1b 01 00 00 01 00 24 06
2098 96.916  notif ef dd 0c 08 05 1b 01 00 00 01 00 24 06
2099 97.014  notif ef dd 0c 08 05 1b 01 00 00 01 00 24 06
2100 97.111  notif ef dd 0c 08 05 1b 01 00 00 01 00 24 06
2101 97.209  notif ef dd 0c 08 05 1b 01 00 00 01 00 24 06
2102 97.306  notif ef dd 0c 08 05 1b 01 00 00 01 00 24 06
2103 97.404  notif ef dd 0c 08 05 1b 01 00 00 01 00 24 06
2104 97.501  notif ef dd 0c 08 05 1b 01 00 00 01 00 24 06
2105 97.599  notif ef dd 0c 08 05 1b 01 00 00 01 00 24 06
2106 97.696  notif ef dd 0c 08 05 1b 01 00 00 01 00 24 06
2107 97.794  notif ef dd 0c 08 05 1b 01 00 00 01 00 24 06
2108 97.891  notif ef dd 0c 08 05 1b 01 00 00 01 00 24 06
2109 97.989  notif ef dd 0c 08 05 1b 01 00 00 01 00 24 06
2110 98.075 write  ef dd 00 02 00 02 00
2111 98.086  notif ef dd 0c 08 05 1b 01 00 00 01 00 24 06
2112 98.184  notif ef dd 0c 0b 0b 00 e0 05 1b 01 00 00 01 00 11 07
2114 98.281  notif ef dd 0c 08 05 1b 01 00 00 01 00 24 06
2115 98.379  notif ef dd 0c 08 05 1b 01 00 00 01 00 24 06
2116 98.476  notif ef dd 0c 08 05 1b 01 00 00 01 00 24 06
2117 98.622  notif ef dd 0c 08 05 1b 01 00 00 01 00 24 06
2118 98.720  notif ef dd 0c 08 05 1b 01 00 00 01 00 24 06
2119 98.819  notif ef dd 0c 08 05 1b 01 00 00 01 00 24 06
2120 98.915  notif ef dd 0c 08 05 1b 01 00 00 01 00 24 06
2121 99.012  notif ef dd 0c 08 05 1b 01 00 00 01 00 24 06
2122 99.110  notif ef dd 0c 08 05 1b 01 00 00 01 00 24 06
2123 99.207  notif ef dd 0c 08 05 1b 01 00 00 01 00 24 06
2124 99.305  notif ef dd 0c 08 05 1b 01 00 00 01 00 24 06
2125 99.402  notif ef dd 0c 08 05 1b 01 00 00 01 00 24 06
2126 99.500  notif ef dd 0c 08 05 1b 01 00 00 01 00 24 06
2127 99.598  notif ef dd 0c 08 05 1b 01 00 00 01 00 24 06
2128 99.695  notif ef dd 0c 08 05 1b 01 00 00 01 00 24 06
2129 99.792  notif ef dd 0c 08 05 1b 01 00 00 01 00 24 06
2130 99.939  notif ef dd 0c 08 05 1b 01 00 00 01 00 24 06
2131 99.988  notif ef dd 0c 08 05 1b 01 00 00 01 00 24 06
2132 100.13  notif ef dd 0c 08 05 1b 01 00 00 01 00 24 06
2133 100.18  notif ef dd 0c 08 05 1b 01 00 00 01 00 24 06
2134 100.28  notif ef dd 0c 08 05 1b 01 00 00 01 00 24 06
2135 100.37  notif ef dd 0c 08 05 1b 01 00 00 01 00 24 06
2136 100.47  notif ef dd 0c 08 05 1b 01 00 00 01 00 24 06
2137 100.57  notif ef dd 0c 08 05 1b 01 00 00 01 00 24 06
2138 100.67  notif ef dd 0c 08 05 1b 01 00 00 01 00 24 06
2139 100.76  notif ef dd 0c 08 05 1b 01 00 00 01 00 24 06
2140 100.86  notif ef dd 0c 08 05 1b 01 00 00 01 00 24 06
2141 100.96  notif ef dd 0c 08 05 1b 01 00 00 01 00 24 06
2142 101.07 write  ef dd 00 02 00 02 00
2143 101.10  notif ef dd 0c 08 05 1b 01 00 00 01 00 24 06
2144 101.20  notif ef dd 0c 0b 0b 00 e0 05 1b 01 00 00 01 00 11 07
2146 101.30  notif ef dd 0c 08 05 1b 01 00 00 01 00 24 06
2147 101.40  notif ef dd 0c 08 05 1b 01 00 00 01 00 24 06
2148 101.49  notif ef dd 0c 08 05 1b 01 00 00 01 00 24 06
2149 101.59  notif ef dd 0c 08 05 1b 01 00 00 01 00 24 06
2150 101.69  notif ef dd 0c 0a 05 1b 01 00 00 01 00 06 64 2c 6a
2151 101.79  notif ef dd 0c 08 05 1b 01 00 00 01 00 24 06
2152 101.88  notif ef dd 0c 08 05 1b 01 00 00 01 00 24 06
2153 101.98  notif ef dd 0c 08 05 1b 01 00 00 01 00 24 06
2154 102.08  notif ef dd 0c 08 05 1b 01 00 00 01 00 24 06
2155 102.18  notif ef dd 0c 08 05 1b 01 00 00 01 00 24 06
2156 102.27  notif ef dd 0c 08 05 1b 01 00 00 01 00 24 06
2157 102.42  notif ef dd 0c 08 05 1b 01 00 00 01 00 24 06
2158 102.52  notif ef dd 0c 08 05 1b 01 00 00 01 00 24 06
2159 102.62  notif ef dd 0c 08 05 1b 01 00 00 01 00 24 06
2160 102.71  notif ef dd 0c 08 05 1b 01 00 00 01 00 24 06
2161 102.81  notif ef dd 0c 08 05 1b 01 00 00 01 00 24 06
2162 102.91  notif ef dd 0c 08 05 1b 01 00 00 01 00 24 06
2163 103.01  notif ef dd 0c 08 05 1b 01 00 00 01 00 24 06
2164 103.10  notif ef dd 0c 08 05 1b 01 00 00 01 00 24 06
2165 103.20  notif ef dd 0c 08 05 1b 01 00 00 01 00 24 06
2166 103.30  notif ef dd 0c 08 05 1b 01 00 00 01 00 24 06
2167 103.40  notif ef dd 0c 08 05 1b 01 00 00 01 00 24 06
2168 103.49  notif ef dd 0c 08 05 1b 01 00 00 01 00 24 06
2169 103.59  notif ef dd 0c 08 05 1b 01 00 00 01 00 24 06
2170 103.69  notif ef dd 0c 08 05 1b 01 00 00 01 00 24 06
2171 103.79  notif ef dd 0c 08 05 1b 01 00 00 01 00 24 06
2172 103.88  notif ef dd 0c 08 05 1b 01 00 00 01 00 24 06
2173 104.03  notif ef dd 0c 08 05 1b 01 00 00 01 00 24 06
2174 104.07 write  ef dd 00 02 00 02 00
2175 104.08  notif ef dd 0c 08 05 1b 01 00 00 01 00 24 06
2176 104.18  notif ef dd 0c 0b 0b 00 e0 05 1b 01 00 00 01 00 11 07
2178 104.27  notif ef dd 0c 08 05 1b 01 00 00 01 00 24 06
2179 104.37  notif ef dd 0c 08 05 1b 01 00 00 01 00 24 06
2180 104.47  notif ef dd 0c 08 05 1b 01 00 00 01 00 24 06
2181 104.57  notif ef dd 0c 08 05 1b 01 00 00 01 00 24 06
2182 104.66  notif ef dd 0c 08 05 1b 01 00 00 01 00 24 06
2183 104.76  notif ef dd 0c 08 05 1b 01 00 00 01 00 24 06
2184 104.86  notif ef dd 0c 08 05 1b 01 00 00 01 00 24 06
2185 104.96  notif ef dd 0c 08 05 1b 01 00 00 01 00 24 06
2186 105.05  notif ef dd 0c 08 05 1b 01 00 00 01 00 24 06
2187 105.15  notif ef dd 0c 08 05 1b 01 00 00 01 00 24 06
2188 105.30  notif ef dd 0c 08 05 1b 01 00 00 01 00 24 06
2189 105.39  notif ef dd 0c 08 05 1b 01 00 00 01 00 24 06
2190 105.49  notif ef dd 0c 08 05 1b 01 00 00 01 00 24 06
2191 105.59  notif ef dd 0c 08 05 1b 01 00 00 01 00 24 06
2192 105.69  notif ef dd 0c 08 05 1b 01 00 00 01 00 24 06
2193 105.78  notif ef dd 0c 08 05 1b 01 00 00 01 00 24 06
2194 105.88  notif ef dd 0c 08 05 1b 01 00 00 01 00 24 06
2195 105.98  notif ef dd 0c 08 05 1b 01 00 00 01 00 24 06
2196 106.08  notif ef dd 0c 08 05 1b 01 00 00 01 00 24 06
2197 106.17  notif ef dd 0c 08 05 1b 01 00 00 01 00 24 06
2198 106.27  notif ef dd 0c 08 05 1b 01 00 00 01 00 24 06
2199 106.37  notif ef dd 0c 08 05 1b 01 00 00 01 00 24 06
2200 106.47  notif ef dd 0c 08 05 1b 01 00 00 01 00 24 06
2201 106.56  notif ef dd 0c 08 05 1b 01 00 00 01 00 24 06
2202 106.66  notif ef dd 0c 08 05 1b 01 00 00 01 00 24 06
2203 106.76  notif ef dd 0c 08 05 1b 01 00 00 01 00 24 06
2204 106.86  notif ef dd 0c 08 05 1b 01 00 00 01 00 24 06
2205 106.95  notif ef dd 0c 08 05 1b 01 00 00 01 00 24 06
2206 107.05  notif ef dd 0c 08 05 1b 01 00 00 01 00 24 06
2207 107.07 write  ef dd 00 02 00 02 00
2208 107.15  notif ef dd 0c 0b 0b 00 e0 05 1b 01 00 00 01 00 11 07
2209 107.25  notif ef dd 0c 08 05 1b 01 00 00 01 00 24 06
2211 107.39  notif ef dd 0c 08 05 1b 01 00 00 01 00 24 06
2212 107.44  notif ef dd 0c 08 05 1b 01 00 00 01 00 24 06
2213 107.54  notif ef dd 0c 08 05 1b 01 00 00 01 00 24 06
2214 107.64  notif ef dd 0c 08 05 1b 01 00 00 01 00 24 06
2215 107.73  notif ef dd 0c 08 05 1b 01 00 00 01 00 24 06
2216 107.83  notif ef dd 0c 08 05 1b 01 00 00 01 00 24 06
2217 107.98  notif ef dd 0c 08 05 1b 01 00 00 01 00 24 06
2218 108.08  notif ef dd 0c 08 05 1b 01 00 00 01 00 24 06
2219 108.17  notif ef dd 0c 08 05 1b 01 00 00 01 00 24 06
2220 108.27  notif ef dd 0c 08 05 1b 01 00 00 01 00 24 06
2221 108.37  notif ef dd 0c 08 05 1b 01 00 00 01 00 24 06
2222 108.47  notif ef dd 0c 08 05 1b 01 00 00 01 00 24 06
2223 108.56  notif ef dd 0c 08 05 1b 01 00 00 01 00 24 06
2224 108.66  notif ef dd 0c 08 05 1b 01 00 00 01 00 24 06
2225 108.76  notif ef dd 0c 08 05 1b 01 00 00 01 00 24 06
2226 108.86  notif ef dd 0c 08 05 1b 01 00 00 01 00 24 06
2227 109.00  notif ef dd 0c 08 05 1b 01 00 00 01 00 24 06
2228 109.05  notif ef dd 0c 08 05 1b 01 00 00 01 00 24 06
2229 109.15  notif ef dd 0c 08 05 1b 01 00 00 01 00 24 06
2230 109.25  notif ef dd 0c 08 05 1b 01 00 00 01 00 24 06
2231 109.34  notif ef dd 0c 08 05 1b 01 00 00 01 00 24 06
2232 109.49  notif ef dd 0c 08 05 1b 01 00 00 01 00 24 06
2233 109.54  notif ef dd 0c 08 05 1b 01 00 00 01 00 24 06
2234 109.64  notif ef dd 0c 08 05 1b 01 00 00 01 00 24 06
2235 109.73  notif ef dd 0c 08 05 1b 01 00 00 01 00 24 06
2236 109.83  notif ef dd 0c 08 05 1b 01 00 00 01 00 24 06
2237 109.98  notif ef dd 0c 08 05 1b 01 00 00 01 00 24 06
2238 110.07 write  ef dd 00 02 00 02 00
2239 110.07  notif ef dd 0c 08 05 1b 01 00 00 01 00 24 06
2240 110.12  notif ef dd 0c 08 05 1b 01 00 00 01 00 24 06
2241 110.27  notif ef dd 0c 0b 0b 00 e0 05 1b 01 00 00 01 00 11 07
2243 110.37  notif ef dd 0c 08 05 1b 01 00 00 01 00 24 06
2244 110.46  notif ef dd 0c 08 05 1b 01 00 00 01 00 24 06
2245 110.51  notif ef dd 0c 08 05 1b 01 00 00 01 00 24 06
2246 110.61  notif ef dd 0c 08 05 1b 01 00 00 01 00 24 06
2247 110.71  notif ef dd 0c 08 05 1b 01 00 00 01 00 24 06
2248 110.81  notif ef dd 0c 08 05 1b 01 00 00 01 00 24 06
2249 110.90  notif ef dd 0c 08 05 1b 01 00 00 01 00 24 06
2250 111.00  notif ef dd 0c 08 05 1b 01 00 00 01 00 24 06
2251 111.15  notif ef dd 0c 08 05 1b 01 00 00 01 00 24 06
2252 111.29  notif ef dd 0c 08 05 1b 01 00 00 01 00 24 06
2253 111.34  notif ef dd 0c 08 05 1b 01 00 00 01 00 24 06
2254 111.44  notif ef dd 0c 08 05 1b 01 00 00 01 00 24 06
2255 111.54  notif ef dd 0c 08 05 1b 01 00 00 01 00 24 06
2256 111.63  notif ef dd 0c 08 05 1b 01 00 00 01 00 24 06
2257 111.73  notif ef dd 0c 08 05 1b 01 00 00 01 00 24 06
2258 111.83  notif ef dd 0c 08 05 1b 01 00 00 01 00 24 06
2259 111.93  notif ef dd 0c 08 05 1b 01 00 00 01 00 24 06
2260 112.03  notif ef dd 0c 08 05 1b 01 00 00 01 00 24 06
2261 112.12  notif ef dd 0c 08 05 1b 01 00 00 01 00 24 06
2262 112.27  notif ef dd 0c 08 05 1b 01 00 00 01 00 24 06
2263 112.32  notif ef dd 0c 08 05 1b 01 00 00 01 00 24 06
2264 112.46  notif ef dd 0c 08 05 1b 01 00 00 01 00 24 06
2265 112.56  notif ef dd 0c 08 05 1b 01 00 00 01 00 24 06
2266 112.66  notif ef dd 0c 08 05 1b 01 00 00 01 00 24 06
2267 112.76  notif ef dd 0c 08 05 1b 01 00 00 01 00 24 06
2268 112.85  notif ef dd 0c 08 05 1b 01 00 00 01 00 24 06
2269 112.95  notif ef dd 0c 08 05 1b 01 00 00 01 00 24 06
2270 113.05  notif ef dd 0c 08 05 1b 01 00 00 01 00 24 06
2271 113.07 write  ef dd 00 02 00 02 00
2272 113.10  notif ef dd 0c 08 05 1b 01 00 00 01 00 24 06
2273 113.20  notif ef dd 0c 0b 0b 00 e0 05 1b 01 00 00 01 00 11 07
2275 113.29  notif ef dd 0c 08 05 1b 01 00 00 01 00 24 06
2276 113.39  notif ef dd 0c 08 05 1b 01 00 00 01 00 24 06
2277 113.54  notif ef dd 0c 08 05 1b 01 00 00 01 00 24 06
2278 113.63  notif ef dd 0c 08 05 1b 01 00 00 01 00 24 06
2279 113.73  notif ef dd 0c 08 05 1b 01 00 00 01 00 24 06
2280 113.83  notif ef dd 0c 08 05 1b 01 00 00 01 00 24 06
2281 113.93  notif ef dd 0c 08 05 1b 01 00 00 01 00 24 06
2282 114.02  notif ef dd 0c 08 05 1b 01 00 00 01 00 24 06
2283 114.12  notif ef dd 0c 08 05 1b 01 00 00 01 00 24 06
2284 114.22  notif ef dd 0c 08 05 1b 01 00 00 01 00 24 06
2285 114.32  notif ef dd 0c 08 05 1b 01 00 00 01 00 24 06
2286 114.41  notif ef dd 0c 08 05 1b 01 00 00 01 00 24 06
2287 114.51  notif ef dd 0c 08 05 1b 01 00 00 01 00 24 06
2288 114.61  notif ef dd 0c 08 05 1b 01 00 00 01 00 24 06
2289 114.71  notif ef dd 0c 08 05 1b 01 00 00 01 00 24 06
2290 114.80  notif ef dd 0c 08 05 1b 01 00 00 01 00 24 06
2291 114.90  notif ef dd 0c 08 05 1b 01 00 00 01 00 24 06
2292 115.05  notif ef dd 0c 08 05 1b 01 00 00 01 00 24 06
2293 115.14  notif ef dd 0c 08 05 1b 01 00 00 01 00 24 06
2294 115.24  notif ef dd 0c 08 05 1b 01 00 00 01 00 24 06
2295 115.34  notif ef dd 0c 08 05 1b 01 00 00 01 00 24 06
2296 115.39  notif ef dd 0c 08 05 1b 01 00 00 01 00 24 06
2297 115.49  notif ef dd 0c 08 05 1b 01 00 00 01 00 24 06
2298 115.58  notif ef dd 0c 08 05 1b 01 00 00 01 00 24 06
2299 115.68  notif ef dd 0c 08 05 1b 01 00 00 01 00 24 06
2300 115.78  notif ef dd 0c 08 05 1b 01 00 00 01 00 24 06
2301 115.92  notif ef dd 0c 08 05 1b 01 00 00 01 00 24 06
2302 116.02  notif ef dd 0c 08 05 1b 01 00 00 01 00 24 06
2303 116.07 write  ef dd 00 02 00 02 00
2304 116.12  notif ef dd 0c 08 05 1b 01 00 00 01 00 24 06
2305 116.22  notif ef dd 0c 0b 0b 00 e0 05 1b 01 00 00 01 00 11 07
2307 116.31  notif ef dd 0c 08 05 1b 01 00 00 01 00 24 06
2308 116.41  notif ef dd 0c 08 05 1b 01 00 00 01 00 24 06
2309 116.51  notif ef dd 0c 08 05 1b 01 00 00 01 00 24 06
2310 116.61  notif ef dd 0c 08 05 1b 01 00 00 01 00 24 06
2311 116.70  notif ef dd 0c 08 05 1b 01 00 00 01 00 24 06
2312 116.80  notif ef dd 0c 08 05 1b 01 00 00 01 00 24 06
2313 116.95  notif ef dd 0c 08 05 1b 01 00 00 01 00 24 06
2314 117.05  notif ef dd 0c 08 05 1b 01 00 00 01 00 24 06
2315 117.14  notif ef dd 0c 08 05 1b 01 00 00 01 00 24 06
2316 117.19  notif ef dd 0c 08 05 1b 01 00 00 01 00 24 06
2317 117.29  notif ef dd 0c 08 05 1b 01 00 00 01 00 24 06
2318 117.39  notif ef dd 0c 08 05 1b 01 00 00 01 00 24 06
2319 117.48  notif ef dd 0c 08 05 1b 01 00 00 01 00 24 06
2320 117.58  notif ef dd 0c 08 05 1b 01 00 00 01 00 24 06
2321 117.68  notif ef dd 0c 08 05 1b 01 00 00 01 00 24 06
2322 117.78  notif ef dd 0c 08 05 1b 01 00 00 01 00 24 06
2323 117.87  notif ef dd 0c 08 05 1b 01 00 00 01 00 24 06
2324 117.97  notif ef dd 0c 08 05 1b 01 00 00 01 00 24 06
2325 118.07  notif ef dd 0c 08 05 1b 01 00 00 01 00 24 06
2326 118.22  notif ef dd 0c 08 05 1b 01 00 00 01 00 24 06
2327 118.31  notif ef dd 0c 08 05 1b 01 00 00 01 00 24 06
2328 118.41  notif ef dd 0c 08 05 1b 01 00 00 01 00 24 06
2329 118.56  notif ef dd 0c 08 05 1b 01 00 00 01 00 24 06
2330 118.61  notif ef dd 0c 08 05 1b 01 00 00 01 00 24 06
2331 118.70  notif ef dd 0c 08 05 1b 01 00 00 01 00 24 06
2332 118.80  notif ef dd 0c 08 05 1b 01 00 00 01 00 24 06
2333 118.90  notif ef dd 0c 08 05 1b 01 00 00 01 00 24 06
2334 119.00  notif ef dd 0c 08 05 1b 01 00 00 01 00 24 06
2335 119.08 write  ef dd 00 02 00 02 00
2336 119.09  notif ef dd 0c 08 05 3e 01 00 00 01 01 47 07
2337 119.19  notif ef dd 0c 0b 0b 00 e0 05 3e 01 00 00 01 01 12 2a
2338 119.24  notif ef dd 0c 08 05 3e 01 00 00 01 01 47 07
2340 119.39  notif ef dd 0c 08 05 3e 01 00 00 01 01 47 07
2341 119.48  notif ef dd 0c 08 05 3e 01 00 00 01 01 47 07
2342 119.58  notif ef dd 0c 08 05 3e 01 00 00 01 01 47 07
2343 119.68  notif ef dd 0c 08 05 3e 01 00 00 01 01 47 07
2344 119.78  notif ef dd 0c 0a 08 02 05 3e 01 00 00 01 01 4b 0f
2345 119.87  notif ef dd 0c 08 05 3e 01 00 00 01 01 47 07
2346 119.97  notif ef dd 0c 08 05 3e 01 00 00 01 01 47 07
2347 120.07  notif ef dd 0c 08 05 48 05 00 00 01 01 51 0b
2348 120.17  notif ef dd 0c 08 05 8c 05 00 00 01 01 95 0b
2349 120.31  notif ef dd 0c 08 05 91 05 00 00 01 01 9a 0b
2350 120.36  notif ef dd 0c 08 05 3f 05 00 00 01 01 48 0b
2351 120.51  notif ef dd 0c 08 05 1c 05 00 00 01 01 25 0b
2352 120.61  notif ef dd 0c 08 05 28 05 00 00 01 01 31 0b
2353 120.70  notif ef dd 0c 08 05 52 05 00 00 01 01 5b 0b
2354 120.80  notif ef dd 0c 08 05 48 05 00 00 01 01 51 0b
2355 120.90  notif ef dd 0c 08 05 32 05 00 00 01 01 3b 0b
2356 121.00  notif ef dd 0c 08 05 38 05 00 00 01 01 41 0b
2357 121.09  notif ef dd 0c 08 05 7a 05 00 00 01 01 83 0b
2358 121.19  notif ef dd 0c 08 05 c7 05 00 00 01 01 d0 0b
2359 121.29  notif ef dd 0c 08 05 0d 06 00 00 01 01 16 0c
2360 121.39  notif ef dd 0c 08 05 1f 06 00 00 01 01 28 0c
2361 121.48  notif ef dd 0c 08 05 22 06 00 00 01 01 2b 0c
2362 121.58  notif ef dd 0c 0a 05 0a 06 00 00 01 01 06 64 1b 70
2363 121.68  notif ef dd 0c 08 05 ad 05 00 00 01 01 b6 0b
2364 121.82  notif ef dd 0c 08 05 1a 05 00 00 01 01 23 0b
2365 121.92  notif ef dd 0c 08 05 90 04 00 00 01 01 99 0a
2366 122.02  notif ef dd 0c 08 05 19 03 00 00 01 01 22 09
2367 122.08 write  ef dd 00 02 00 02 00
2368 122.12  notif ef dd 0c 08 05 19 03 00 00 01 01 22 09
2369 122.17  notif ef dd 0c 0b 0b 00 e0 05 19 03 00 00 01 01 14 05
2371 125.08 write  ef dd 00 02 00 02 00





Summary:

Write PDUs, num appeared in the file
1         df 78 08 04 01 00 03 84 d8 84 e8   // encoded in the old format "encodeWeight". Payload 3 bytes msgType = 4, seq=1, msgId=0, payload=1, 100, 1 (weightPeriod = 1, weightTime = 100, weightType = 1)
35        ef dd 00 02 00 02 00										   // msg_id= 00 = e_cmd_system_sa
2         ef dd 04 00 00 00 00 00 00 00 00 00 00 00 00 00 00 00 00 00  // msg_id= 04 = e_cmd_tare_s
18        ef dd 06 00 00 00 00 00 00 00 00 00 00 00 00 00 00 00 00 00  // msg_id= 06 = e_cmd_status_s
20        ef dd 0b 30 31 32 33 34 35 36 37 38 39 30 31 32 33 34 9a 6d  // string "012345678901234", msg_id= 0b = e_cmd_identify_s
1         ef dd 0c 09 00 01 01 02 02 05 03 04 15 06 00 00 00 00 00 00  // msg_id= 0c = e_cmd_event_sa

Findings:

------------------------------
ef = 239, dd = 221 => gs_header[2]

function: int pack_data[byte[] out, byte msg_id, byte[] in_bytes, byte in_size)     file DataOutputHelper
out[0] = gs_header[0]
out[1] = gs_header[1]
out[2] = msg_id
out[3...3+in_size] = in_bytes
out[3+in_size]= SUM(in_bytes)  >> 8
out[4+in_size]= SUM(in_bytes)  & 255)

return in_size + 5
------------------------------

msg_id:  public enum ECMD, file protocol\ver20\ScaleProtocol.java

public enum ECMD {
e_cmd_system_sa,		0
e_cmd_str_sa,			1
e_cmd_battery_s,		2
e_cmd_weight_s,			3
e_cmd_tare_s,			4
e_cmd_custom_sa,		5
e_cmd_status_s,			6
e_cmd_info_a,			7
e_cmd_status_a,			8
e_cmd_isp_s,			9
e_cmd_setting_chg_s,	a
e_cmd_identify_s,		b
e_cmd_event_sa,			c
e_cmd_timer_s,			d
e_cmd_file_s,			e
e_cmd_setpwd_s,			f
e_cmd_pcs_weight_s,
e_cmd_pretare_s,
e_cmd_size

------------------------------

To get weight notifications, you need to send this message !!!


ef dd 0b 30 31 32 33 34 35 36 37 38 39 30 31 32 33 34 9a 6d  // string "012345678901234", msg_id= 0b = e_cmd_identify_s

------------------------------

ef dd 0c 08 05 -> these are WEIGHT indications, class wt_event

example:
ef dd 0c 08 05 1b 01 00 00 01 00 24 06
or:
EF-DD-0C-08-05-64-00-00-00-01-02-6D-07


msg_id= 0c = e_cmd_event_sa
08 - do not know
05 = e_appevent_weight


weight message format:
protocol\ver20\DataPacketParser.java, function parse_eventmsg:
protocol\ver20\ScaleProtocol.java, class wt_event

6 bytes total: 4 byte uint 32, 1 bytes unit, 1 bytes sign+stable (1 bit + 1 bit)

if (unit == 4) {
    f = (float) (d / 10000.0d);
} else if (unit == 2) {
    f = (float) (d / 100.0d);
} else if (unit == 3) {
    f = (float) (d / 1000.0d);
} else if (unit == 1) {
    f = (float) (d2 / 10.0d);
} else {
    f = 0.0f;
}

last 2 bytes are SUM (see above), as for every message

public enum EEVENT {
e_scalevent_weight,      0
e_scalevent_battery,	 1
e_scalevent_timer,		 2
e_scalevent_key,		 3
e_scalevent_setting,	 4
e_appevent_weight,		 5
e_appevent_battery,		 6
e_appevent_timer,		 7
e_appevent_key,			 8
e_appevent_setting,		 9
e_appevent_cd,			 a
e_appevent_ack,			 b
e_event_size			 c
    
------------------------------

Notif PDUs, num appeared in the file
4         00 00 00 01 00 09 05
11        01 00 00 01 01 0b 67
1         01 00 00 01 01 0b 67 ef dd 0c 08 05 00 00 00 00 01 00 09 05
22        ef dd 08 09 64 00 02 01 00 00 01 01 0b 67
4         ef dd 08 09 64 00 02 01 00 00 01 01 0b 67 ef dd 0c 08 05 00
502       ef dd 0c 08 05 00 00 00 00 01 00 09 05						   // ef dd 0c 08 05 -> these are WEIGHT indications
9         ef dd 0c 08 05 00 00 00 00 01 00 09 05 ef dd 08 09 64 00 02
1         ef dd 0c 08 05 05 00 00 00 01 01 0e 06
1         ef dd 0c 08 05 0d 06 00 00 01 01 16 0c
2         ef dd 0c 08 05 19 03 00 00 01 01 22 09
1         ef dd 0c 08 05 1a 01 00 00 01 01 23 07
1         ef dd 0c 08 05 1a 05 00 00 01 01 23 0b
294       ef dd 0c 08 05 1b 01 00 00 01 00 24 06
4         ef dd 0c 08 05 1b 01 00 00 01 01 24 07
1         ef dd 0c 08 05 1c 01 00 00 01 01 25 07
1         ef dd 0c 08 05 1c 05 00 00 01 01 25 0b
1         ef dd 0c 08 05 1d 00 00 00 01 01 26 06
1         ef dd 0c 08 05 1f 06 00 00 01 01 28 0c
1         ef dd 0c 08 05 22 01 00 00 01 01 2b 07
1         ef dd 0c 08 05 22 06 00 00 01 01 2b 0c
1         ef dd 0c 08 05 28 05 00 00 01 01 31 0b
1         ef dd 0c 08 05 30 00 00 00 01 01 39 06
1         ef dd 0c 08 05 32 05 00 00 01 01 3b 0b
1         ef dd 0c 08 05 38 05 00 00 01 01 41 0b
1         ef dd 0c 08 05 3d 00 00 00 01 01 46 06
8         ef dd 0c 08 05 3e 01 00 00 01 01 47 07
1         ef dd 0c 08 05 3f 05 00 00 01 01 48 0b
1         ef dd 0c 08 05 45 00 00 00 01 01 4e 06
2         ef dd 0c 08 05 48 05 00 00 01 01 51 0b
1         ef dd 0c 08 05 50 00 00 00 01 01 59 06
1         ef dd 0c 08 05 52 05 00 00 01 01 5b 0b
58        ef dd 0c 08 05 57 00 00 00 01 00 60 05
4         ef dd 0c 08 05 57 00 00 00 01 01 60 06
4         ef dd 0c 08 05 58 00 00 00 01 00 61 05
1         ef dd 0c 08 05 5b 00 00 00 01 01 64 06
1         ef dd 0c 08 05 5c 00 00 00 01 01 65 06
1         ef dd 0c 08 05 64 00 00 00 01 01 6d 06
1         ef dd 0c 08 05 69 00 00 00 01 01 72 06
1         ef dd 0c 08 05 70 00 00 00 01 01 79 06
1         ef dd 0c 08 05 7a 05 00 00 01 01 83 0b
1         ef dd 0c 08 05 7f 00 00 00 01 01 88 06
1         ef dd 0c 08 05 8c 00 00 00 01 01 95 06
1         ef dd 0c 08 05 8c 05 00 00 01 01 95 0b
1         ef dd 0c 08 05 90 04 00 00 01 01 99 0a
1         ef dd 0c 08 05 91 05 00 00 01 01 9a 0b
1         ef dd 0c 08 05 ad 05 00 00 01 01 b6 0b
1         ef dd 0c 08 05 c2 00 00 00 01 01 cb 06
1         ef dd 0c 08 05 c7 05 00 00 01 01 d0 0b
33        ef dd 0c 08 05 d5 00 00 00 01 00 de 05
2         ef dd 0c 08 05 d5 00 00 00 01 00 de 05 ef dd 08 09 64 00 02
4         ef dd 0c 08 05 d5 00 00 00 01 01 de 06
8         ef dd 0c 08 05 d6 00 00 00 01 00 df 05
1         ef dd 0c 08 05 d6 00 00 00 01 01 df 06 ef dd 08 09 64 00 02
2         ef dd 0c 08 05 de 00 00 00 01 01 e7 06
2         ef dd 0c 0a 05 00 00 00 00 01 00 06 64 11 69
1         ef dd 0c 0a 05 0a 06 00 00 01 01 06 64 1b 70
1         ef dd 0c 0a 05 1b 01 00 00 01 00 06 64 2c 6a
1         ef dd 0c 0a 05 57 00 00 00 01 00 06 64 68 69
1         ef dd 0c 0a 08 02 05 3e 01 00 00 01 01 4b 0f
2         ef dd 0c 0b 0b 00 80 05 00 00 00 00 01 00 10 8c
17        ef dd 0c 0b 0b 00 e0 05 00 00 00 00 01 00 10 ec
1         ef dd 0c 0b 0b 00 e0 05 08 00 00 00 01 01 11 f4
1         ef dd 0c 0b 0b 00 e0 05 19 03 00 00 01 01 14 05
10        ef dd 0c 0b 0b 00 e0 05 1b 01 00 00 01 00 11 07
1         ef dd 0c 0b 0b 00 e0 05 3e 01 00 00 01 01 12 2a
2         ef dd 0c 0b 0b 00 e0 05 57 00 00 00 01 00 10 43
2         ef dd 0c 0b 0b 00 e0 05 d5 00 00 00 01 00 10 c1
